112 146 89 6 147 96 94 95 97 92 117 137 2 57 91 17 46 112 53 13 87 59 93 112 105 112 
111 28 27 69 101 132 76 77 50 102 116 80 55 111 138 149 26 40 109 12 54 134 121 129 90 
52 106 127 18 7 88 148 31 10 108 63 52 1 70 30 122 33 51 81 9 103 71 20 78 1 
58 73 21 72 110 4 139 39 75 22 58 115 74 133 41 15 42 37 58 144 145 58 104 58 
84 60 83 118 99 5 85 100 84 45 114 82 8 125 16 141 119 84 
61 98 113 44 142 43 140 14 86 38 61 48 123 19 107 124 143 36 11 48 126 48 
56 23 67 130 150 24 3 29 34 35 128 
64 49 47 32 66 131 62 136 
79 120 135 65 25 68 



Evaluación: 2071.74
