112 27 146 89 6 96 94 147 95 97 137 117 60 46 112 28 111 138 26 105 40 13 112 52 
1 53 132 69 101 122 30 70 102 50 33 79 1 31 127 106 7 148 88 1 58 115 2 58 149 110 58 
82 114 48 123 19 107 62 10 90 17 91 82 83 18 99 93 104 118 84 5 18 92 18 8 124 18 
134 80 150 54 24 29 68 116 76 109 130 25 55 134 121 77 12 3 78 81 129 9 134 
61 85 98 37 59 100 16 113 61 87 42 142 14 119 44 61 86 
51 20 120 103 128 32 108 63 11 131 51 135 136 35 66 34 65 71 51 
41 145 22 133 75 74 21 72 73 4 
56 139 67 39 57 43 144 141 140 36 
15 23 38 125 45 47 64 126 
49 143 


Evaluación: 2116.45
