111 53 138 26 149 12 28 132 1 101 69 76 24 111 27 146 89 6 112 105 58 40 50 111 127 52 
18 106 7 88 148 62 82 8 114 125 83 18 60 147 118 84 17 5 104 18 
145 41 74 75 56 22 73 72 110 4 21 133 15 41 2 57 87 115 144 42 43 14 142 100 98 97 
61 93 85 91 16 113 141 37 119 61 99 59 95 96 94 13 61 92 61 
134 54 130 80 68 121 150 109 29 129 77 3 134 102 116 33 79 78 120 9 103 134 
51 30 20 122 81 135 35 136 128 32 70 90 63 51 10 108 126 131 66 71 34 65 51 
86 117 137 31 48 47 46 124 55 
36 143 49 107 11 19 64 45 140 44 25 
23 67 139 123 38 39 



Evaluación: 2119.92
