112 53 58 105 40 137 117 94 6 147 89 60 17 91 112 146 13 96 99 59 95 112 
52 28 111 132 27 69 1 101 31 88 148 83 52 106 7 82 127 70 122 30 10 108 90 32 
138 26 109 12 76 77 68 150 116 3 55 138 80 54 149 110 72 74 133 73 21 4 138 
145 41 22 115 57 144 15 43 142 42 97 92 37 93 98 119 24 41 87 2 23 39 139 75 56 130 
84 5 61 85 16 141 113 46 84 104 118 45 114 84 125 8 18 100 84 
51 102 50 9 103 20 33 120 78 79 51 81 135 136 71 128 131 66 65 51 129 51 
48 47 123 62 11 107 63 64 
34 29 121 134 67 44 140 86 25 
143 49 19 124 126 36 38 14 35 



Evaluación: 2097.87
