112 53 13 117 97 92 94 147 96 99 93 46 91 112 
111 28 27 132 50 76 138 105 40 26 149 111 1 101 122 70 31 88 69 1 102 1 
52 127 106 148 7 48 123 19 62 11 90 63 127 18 89 6 118 83 114 82 8 60 84 18 5 18 
58 137 115 144 57 2 87 95 104 98 59 146 17 58 73 72 110 74 75 22 41 133 145 58 
61 37 16 85 100 141 119 44 42 36 61 125 45 113 142 14 61 21 86 61 
56 139 39 23 4 130 54 55 24 29 25 56 109 12 116 68 80 134 150 77 3 
15 140 43 38 124 143 49 64 126 108 131 20 
103 9 120 81 79 129 121 78 51 34 
71 136 65 66 128 30 32 107 
67 10 33 135 35 47 


Evaluación: 2108.75
