111 28 132 69 1 101 70 50 116 76 138 26 105 111 146 52 127 31 88 27 111 112 
58 53 137 40 2 13 95 94 117 97 92 96 99 60 91 58 6 147 89 104 93 58 21 72 74 133 58 
18 83 118 5 114 8 45 17 125 84 83 82 106 7 123 82 124 47 19 48 82 
61 85 100 98 37 16 44 119 14 43 46 61 141 86 113 59 42 61 
110 4 139 55 54 149 73 75 41 22 145 56 109 110 12 130 80 68 77 150 110 
134 121 3 24 25 39 23 67 29 78 34 35 134 129 79 33 102 51 9 134 
103 120 81 122 20 30 108 62 
90 126 10 32 128 131 66 71 135 136 115 
36 143 107 148 87 57 15 144 38 140 142 
65 63 11 64 49 


Evaluación: 1994.69
