111 53 138 28 27 132 69 50 102 1 101 122 78 111 105 26 76 12 116 68 77 111 
112 146 89 94 95 13 117 137 6 147 99 92 104 112 52 127 106 7 127 88 31 10 108 70 127 
58 40 21 2 87 144 97 59 98 100 96 60 58 115 73 74 133 22 75 41 72 58 109 58 
83 118 5 18 84 125 8 45 17 37 91 83 82 48 123 19 47 124 114 36 48 
145 15 57 43 14 119 42 85 61 16 142 38 15 93 44 141 113 46 140 86 110 15 56 
24 150 80 29 121 3 79 134 54 55 4 139 24 129 81 9 120 135 136 34 35 33 103 24 130 24 
51 128 131 90 126 63 11 148 62 32 107 
23 67 39 25 149 20 66 
143 49 30 64 65 71 



Evaluación: 2059.35
