112 27 89 146 6 96 104 99 59 94 147 91 46 112 28 53 112 58 
138 111 105 26 149 12 76 50 102 132 69 111 52 127 31 101 88 106 127 148 127 1 
18 118 83 60 114 125 8 82 7 123 18 95 92 98 37 100 5 84 45 17 113 18 
145 2 115 41 22 133 74 72 73 57 144 15 42 117 56 145 40 75 110 4 130 55 139 39 145 
51 33 81 9 120 103 20 122 128 70 10 51 116 3 77 68 80 150 129 79 121 24 34 51 
61 85 16 141 44 86 137 61 13 93 61 119 142 14 61 97 61 
134 109 54 25 23 21 43 38 87 
48 19 107 11 63 126 62 90 131 78 29 
36 143 49 64 47 108 32 30 
67 35 136 65 66 135 71 124 140 


Evaluación: 2074.79
