111 53 105 26 138 12 28 76 116 77 80 111 146 69 1 50 27 52 89 147 6 96 99 111 
58 40 21 72 137 117 95 97 92 13 112 2 58 149 110 73 115 144 57 42 87 94 37 100 58 
18 60 118 84 83 8 114 82 106 88 7 124 46 17 18 5 61 16 91 85 104 98 93 18 
127 132 70 101 31 10 148 62 123 19 63 24 127 122 30 20 51 102 81 127 108 127 
134 54 150 109 130 4 139 55 121 3 68 134 129 29 78 33 79 34 120 9 135 35 134 
48 125 36 49 47 143 11 126 107 131 48 90 128 90 103 71 65 66 32 64 66 
56 133 74 75 41 15 43 142 119 14 44 140 25 
113 141 86 45 145 59 136 
23 39 67 22 38 



Evaluación: 2138.45
