111 27 132 1 28 138 12 109 76 116 3 150 111 146 52 69 127 88 111 105 26 111 
112 89 94 95 13 6 147 53 40 137 42 112 117 97 112 58 149 73 58 
110 21 72 74 22 75 56 4 139 39 110 2 115 144 145 133 23 130 110 55 25 54 110 80 134 110 
18 106 7 83 118 84 5 104 96 93 91 46 18 60 114 125 8 82 123 107 18 31 18 
51 122 30 20 9 81 33 102 120 51 103 128 66 71 35 34 135 65 136 103 50 103 
61 16 113 17 86 44 141 100 92 57 61 59 99 37 85 98 14 140 61 
41 142 119 38 15 87 101 148 108 10 126 24 
78 79 129 121 29 70 90 32 63 11 19 62 131 
43 77 48 124 36 47 143 49 64 
45 68 67 


Evaluación: 2143.53
