105 26 12 54 130 4 133 72 22 73 26 21 115 53 84 143 36 26 
94 13 95 85 141 44 16 114 6 13 61 96 83 60 57 43 61 
111 28 138 109 77 79 129 33 34 121 29 75 56 25 74 78 90 55 138 
89 118 5 86 113 45 52 89 125 82 106 123 11 64 126 89 
31 108 32 131 30 122 128 10 62 18 17 31 20 132 80 31 
112 147 93 99 98 37 97 137 144 2 145 41 15 42 24 112 
48 47 124 49 107 19 63 46 
87 59 104 100 14 119 38 140 142 92 117 
127 27 68 3 50 1 69 148 88 7 8 
58 40 149 39 67 23 139 110 91 
134 150 116 76 120 135 35 71 51 101 
146 102 81 9 103 66 65 136 70 
Evaluación: 2221.66
