28 138 68 150 80 54 130 109 4 139 56 21 138 29 65 63 90 143 138 
94 147 112 95 96 99 86 38 117 92 94 137 40 73 2 74 75 40 
105 58 13 97 141 16 142 144 115 145 41 133 53 13 119 57 42 13 
89 118 60 83 125 114 82 106 18 78 89 6 44 43 15 52 8 89 
111 27 132 69 30 122 66 71 135 35 136 34 111 121 110 25 111 
31 127 148 62 108 10 32 128 20 9 51 131 88 148 64 7 36 64 
87 85 59 98 100 14 140 46 
48 47 49 19 107 11 126 17 
5 93 104 113 61 45 84 123 124 37 
149 72 22 23 39 67 55 91 
26 12 116 3 81 120 103 33 70 
146 102 79 129 77 76 1 101 50 134 24 
Evaluación: 2250.67
