112 13 94 93 98 37 99 83 49 64 32 131 126 90 69 94 
28 105 53 133 23 39 4 130 109 55 17 105 150 29 121 24 110 2 105 
111 68 134 79 3 81 103 51 111 132 27 52 82 63 10 1 136 65 111 
31 127 118 60 18 106 148 88 108 128 20 70 127 42 117 41 42 
26 138 102 120 135 35 9 71 30 101 122 138 80 129 34 7 36 138 
58 40 72 22 74 73 21 75 139 56 145 67 25 40 
89 85 100 14 44 141 137 92 91 
5 125 45 114 8 47 143 124 46 
87 59 95 96 104 97 144 115 57 15 6 
149 54 12 116 76 50 77 33 66 78 
146 147 48 123 107 19 62 11 
86 113 61 84 16 119 140 142 43 38 
Evaluación: 2175.74
