105 26 138 12 76 79 3 77 33 129 50 1 70 69 146 101 7 138 
28 111 102 81 9 103 120 135 34 90 111 44 37 38 121 110 143 111 
112 13 95 147 6 93 104 99 98 97 96 16 140 60 13 36 
94 59 85 100 141 86 91 46 94 53 40 21 137 2 115 94 
89 118 5 125 45 8 114 52 89 113 61 14 119 15 43 14 
58 87 144 57 133 72 75 74 73 145 41 142 84 42 56 57 
48 47 19 107 49 11 64 
149 68 116 150 109 39 4 25 78 
127 148 62 10 123 82 106 18 83 124 17 
31 88 108 131 32 63 126 27 132 122 117 
134 54 130 139 67 23 22 
30 128 20 66 65 71 136 35 51 29 80 24 55 92 
Evaluación: 2283.18
