112 147 94 93 99 96 104 14 119 142 6 55 112 37 42 43 131 112 
111 102 50 68 134 54 130 110 24 111 52 88 49 64 11 126 11 
13 95 59 98 141 44 38 140 61 83 13 137 57 145 15 84 40 
105 53 58 72 22 133 39 139 2 105 73 56 25 150 101 122 105 
31 148 62 108 32 66 103 9 71 51 78 148 18 7 63 70 143 136 18 
26 138 28 76 77 81 34 33 30 20 10 19 36 17 91 28 
89 5 118 60 125 45 114 
149 12 116 79 3 129 121 29 80 109 21 74 90 
87 144 115 23 67 4 75 41 92 
127 106 48 82 123 47 124 8 69 
146 27 132 1 120 135 65 35 128 107 46 
86 113 85 16 100 97 117 
Evaluación: 2294.4
