105 58 112 53 40 72 74 73 75 21 137 115 97 104 98 6 60 112 
111 102 50 79 81 120 34 9 111 132 1 101 70 107 63 64 126 65 111 
94 147 89 27 52 106 125 86 84 94 44 119 42 99 2 8 94 
28 68 134 150 116 3 33 77 80 76 129 28 69 88 7 57 121 55 28 
31 108 10 32 66 103 135 71 136 20 31 128 131 51 90 56 35 31 
138 26 12 109 39 23 139 67 25 29 78 24 26 46 
48 47 124 49 19 11 143 36 92 
13 59 95 100 37 141 38 140 117 91 
5 93 118 83 45 113 96 
127 148 62 123 82 114 18 30 122 146 
149 130 54 4 133 22 145 41 15 43 110 
87 144 85 61 16 14 142 17 
Evaluación: 2275.36
