105 58 112 95 96 85 98 37 16 142 42 43 145 70 112 52 61 15 
28 111 102 81 33 120 9 103 135 78 24 111 50 116 121 20 101 146 111 
94 147 118 114 8 83 113 100 91 92 94 53 106 79 51 34 110 94 
13 59 93 99 104 141 119 38 140 82 7 46 13 64 84 36 
89 5 125 45 86 44 14 97 117 2 41 56 5 
31 108 10 107 11 32 131 63 126 90 66 31 132 1 122 31 
87 144 57 72 22 75 73 115 137 18 
138 68 134 54 150 80 77 3 29 6 
48 47 49 123 19 143 124 60 
127 148 62 88 30 128 71 65 136 35 69 
26 12 109 4 23 133 74 21 40 17 
149 130 39 67 139 25 55 76 27 129 
Evaluación: 2226.56
