112 13 87 144 118 60 83 18 113 61 84 38 140 119 42 92 144 
94 59 93 98 100 37 95 96 104 14 41 94 137 115 2 57 145 15 137 
111 28 138 102 50 76 3 120 135 35 136 130 78 138 121 142 56 138 
58 53 105 27 132 81 9 34 77 29 129 91 58 6 43 99 58 
31 127 148 10 49 47 143 36 124 88 11 63 131 20 148 64 70 90 
89 147 85 16 86 44 97 89 146 54 40 74 110 25 24 17 7 146 
5 125 45 8 114 106 52 1 101 122 46 
48 123 107 62 19 82 141 
149 68 150 80 116 79 33 51 128 69 
134 12 109 4 39 67 139 55 117 
26 72 22 75 23 133 73 21 
30 32 108 66 103 71 65 126 
Evaluación: 2286.56
