28 138 68 77 3 79 129 102 33 128 24 138 21 110 67 56 25 41 138 
94 13 87 144 97 141 93 61 98 137 53 76 80 121 29 43 144 
111 112 89 147 96 104 83 18 106 148 88 108 70 126 7 89 
31 127 118 125 45 114 113 82 36 127 8 124 143 140 60 2 127 
58 40 105 27 132 69 1 50 9 122 131 90 64 34 136 109 105 
48 123 19 47 107 49 62 10 11 63 123 52 84 17 
26 72 133 22 75 74 73 115 145 57 42 
149 130 54 4 139 23 39 92 
5 59 95 99 86 16 119 117 91 
146 85 100 37 14 44 38 142 15 6 46 
134 150 12 116 81 120 51 20 101 
30 32 66 103 71 65 135 35 78 55 
Evaluación: 2249
