112 13 87 95 93 98 37 96 97 104 114 82 124 8 87 2 145 73 87 
105 26 138 76 77 3 134 4 72 22 75 55 138 40 15 42 
94 147 59 99 141 86 61 83 92 94 115 144 137 43 84 56 94 
111 102 50 116 79 120 135 103 122 111 67 139 25 129 57 24 25 
89 118 5 125 113 44 142 91 89 45 106 7 143 36 64 52 89 
28 12 109 150 80 81 33 34 35 136 51 101 126 20 78 28 
31 108 62 107 11 148 88 10 70 117 
149 54 68 121 29 130 23 74 41 
58 85 100 14 16 38 140 119 60 
127 27 146 132 1 69 53 133 39 21 110 17 
48 47 19 49 32 63 90 6 46 
30 128 66 65 71 9 131 123 18 
Evaluación: 2316.89
