53 156 112 146 27 111 176 1 69 132 167 162 70 122 101 190 50 
105 28 154 26 180 138 76 116 196 109 28 58 152 28 12 
147 183 89 6 166 18 60 118 5 99 104 93 92 117 91 89 13 137 94 
127 88 148 62 31 182 194 7 153 82 123 19 107 159 182 106 52 10 108 182 
149 40 2 115 73 21 110 4 155 198 179 130 80 150 40 178 87 172 57 144 95 40 
96 151 59 98 100 193 37 85 84 46 17 96 83 114 199 125 174 45 113 8 199 173 61 
97 142 42 14 119 191 44 192 86 140 38 141 43 15 16 145 86 171 74 
184 68 77 3 79 158 129 33 185 157 102 121 169 24 77 195 54 134 177 
30 160 131 90 63 189 126 11 175 181 20 128 32 64 143 90 188 103 9 
51 81 120 78 34 135 35 164 163 
197 56 186 23 39 170 187 25 29 55 
48 124 168 47 36 22 75 41 139 
161 71 136 65 66 72 165 
49 67 133 



Evaluación: 2386.34
