53 156 112 146 28 27 167 132 69 176 1 162 31 190 101 167 111 154 111 76 184 
89 6 183 94 96 147 118 60 199 17 173 89 105 26 180 152 40 58 149 180 
137 13 117 95 92 151 97 37 98 99 59 104 5 93 91 42 95 85 100 193 100 
52 127 88 194 7 106 148 182 153 18 166 82 124 88 10 159 62 108 88 189 88 
50 102 33 81 185 79 158 157 3 80 50 196 116 68 77 12 150 163 24 196 
109 138 195 179 54 134 121 177 110 155 56 109 21 72 197 75 133 22 74 186 75 171 
73 2 115 57 145 41 144 87 178 172 15 198 73 4 139 170 39 187 165 73 55 23 73 
83 84 61 113 86 191 16 192 119 44 142 43 141 14 114 46 
70 51 122 30 20 128 188 103 9 161 71 135 35 120 78 129 131 78 34 164 
48 47 123 107 19 175 11 126 
130 25 29 160 90 63 181 64 143 49 
8 174 168 36 45 125 32 66 
67 38 140 169 136 65 




Evaluación: 2309.64
