27 53 105 156 146 167 69 132 1 101 190 162 127 31 52 106 167 112 183 94 
111 176 50 102 76 184 116 157 185 129 158 79 55 91 50 196 28 
13 117 137 58 2 115 178 57 172 87 95 151 6 137 152 40 180 137 147 96 104 93 99 59 96 
89 18 153 166 83 118 5 84 60 114 199 8 45 82 7 46 83 173 17 113 86 16 191 
149 195 109 12 154 26 138 177 80 77 150 134 24 163 12 54 179 110 155 110 4 197 56 198 110 73 
97 98 37 193 92 100 85 61 42 144 15 192 97 142 14 119 140 38 43 145 119 
70 30 20 160 128 122 33 81 51 120 164 135 9 103 78 29 
88 194 182 148 159 10 62 189 126 88 108 90 131 63 181 188 161 136 131 32 66 
72 171 74 22 133 75 41 21 139 187 170 67 74 23 186 165 25 39 3 39 
68 169 130 34 35 65 123 168 121 
141 44 125 174 124 47 36 
11 175 107 48 49 64 143 71 
19 




Evaluación: 2389.34
