156 146 112 53 105 28 138 154 111 176 1 132 69 27 28 58 152 26 28 
147 6 89 94 95 183 96 99 59 104 46 147 13 137 40 180 21 72 
167 190 127 31 88 52 18 153 106 82 194 7 182 148 123 
117 87 97 151 37 100 98 93 193 85 91 191 97 92 172 42 144 2 178 57 115 171 97 
149 179 110 198 73 22 74 197 133 41 56 186 75 145 4 55 24 129 73 155 130 165 73 109 177 
76 184 116 196 12 150 77 68 158 80 25 184 3 50 102 157 33 79 184 185 81 
195 163 54 121 134 162 101 122 30 160 128 131 108 10 90 126 70 35 
83 199 114 8 125 45 17 174 124 168 47 36 19 60 8 48 166 118 84 5 166 
173 61 113 141 16 44 192 14 142 119 38 140 86 15 139 29 119 43 23 67 187 67 170 
62 189 159 63 11 107 175 143 64 20 
51 9 161 71 103 188 32 136 78 
120 135 34 164 169 66 65 
39 181 49 




Evaluación: 2394.05
