27 53 156 146 28 154 138 12 109 195 26 105 76 78 28 111 132 176 50 157 111 112 
89 183 147 94 13 137 58 152 40 2 115 178 57 144 91 46 
52 153 18 6 96 166 118 60 199 114 83 84 125 18 194 7 106 82 8 45 174 124 18 
167 69 1 162 101 190 31 88 148 10 122 167 127 182 159 189 159 62 108 
149 180 198 21 72 74 22 171 73 197 56 186 23 41 145 42 92 55 74 133 4 74 179 
95 97 87 172 142 14 192 100 98 193 191 141 16 61 37 104 
117 151 99 85 59 5 173 17 44 117 184 116 77 158 196 184 150 68 184 177 
110 54 130 165 25 170 39 139 155 187 67 134 24 163 29 121 80 90 
70 102 33 30 128 188 103 51 20 131 70 3 129 185 120 164 9 70 
81 169 135 35 136 71 161 79 
48 123 168 47 143 36 107 175 64 
93 86 119 140 38 113 15 75 11 
19 49 32 160 63 181 126 43 
66 34 65 



Evaluación: 2365.27
