27 156 53 28 154 138 12 109 195 111 76 116 146 55 28 112 89 147 183 
167 69 132 127 52 153 106 190 162 101 1 122 90 7 167 31 148 88 182 194 82 182 
26 105 58 40 180 152 137 2 178 115 73 21 105 13 95 97 151 37 97 94 
117 87 92 59 104 93 85 91 98 144 42 172 17 46 87 96 99 118 96 
176 102 157 33 81 120 9 51 185 24 176 50 184 77 
18 60 166 6 199 8 83 114 45 174 125 84 18 48 168 123 19 47 48 159 
198 72 74 171 22 41 145 133 56 197 110 75 186 139 4 171 149 
177 80 150 134 68 163 54 130 179 165 177 158 196 121 169 29 79 177 3 129 177 78 
57 142 100 192 191 16 193 61 113 173 141 119 14 140 5 16 44 43 86 38 86 
62 108 10 30 160 128 188 70 
20 131 32 63 189 107 175 126 11 143 36 124 
103 71 135 161 136 35 164 34 25 
39 155 187 170 67 23 15 
49 66 65 181 64 



Evaluación: 2345.44
