53 156 27 28 111 176 1 146 112 183 6 147 94 117 97 91 183 
105 58 40 26 180 149 195 138 152 60 46 105 154 12 177 80 109 105 
13 95 96 59 104 93 99 151 92 37 98 100 193 192 44 173 17 59 85 5 
167 132 162 127 69 31 101 52 190 88 106 167 89 118 83 166 199 18 89 
76 184 196 77 116 158 129 79 68 3 102 33 77 150 163 134 54 179 130 121 185 81 77 
137 87 172 42 57 2 178 144 145 115 171 133 74 75 57 73 198 21 72 22 72 
50 157 51 103 161 120 78 164 135 9 71 35 136 65 20 70 
110 197 56 4 155 187 39 186 23 41 139 7 56 25 170 55 67 24 169 170 165 29 
182 194 153 62 159 10 108 90 148 175 182 123 48 124 168 36 124 
82 114 8 125 45 174 84 113 
61 16 191 14 142 15 43 140 38 119 122 131 
141 86 47 19 107 11 126 
30 160 32 63 128 189 188 34 
66 181 64 49 143 



Evaluación: 2317.48
