27 146 156 28 111 53 58 40 152 180 149 26 138 105 92 17 53 13 112 147 183 
167 132 176 1 69 162 127 52 190 88 194 70 167 154 12 195 167 31 
89 6 96 99 93 59 151 97 94 166 46 89 18 60 5 84 173 83 199 8 174 153 7 18 
95 117 87 2 144 172 137 57 178 42 100 193 98 37 192 91 87 85 104 61 16 85 
184 116 77 76 196 3 68 177 109 24 184 150 80 158 129 169 78 81 33 102 185 121 184 79 184 
21 73 72 198 197 74 133 22 41 75 186 23 171 56 145 74 115 74 
101 30 20 160 128 122 50 179 130 54 134 165 25 55 170 25 187 39 139 4 110 155 25 67 
157 9 51 103 120 161 71 136 35 34 164 29 135 188 90 
182 106 62 148 10 189 108 159 175 182 123 19 11 63 107 11 126 11 
163 114 118 45 113 86 
82 48 168 36 143 47 49 64 
191 141 119 14 142 43 15 38 140 124 44 
131 66 32 125 181 65 




Evaluación: 2354.44
