53 105 156 27 146 167 69 162 132 1 101 127 52 31 190 70 122 46 91 167 112 
89 183 94 95 97 151 59 104 92 98 93 85 193 97 117 13 
111 138 28 154 12 76 116 184 176 7 111 26 149 180 58 137 152 180 195 
147 166 6 96 99 118 60 83 114 8 174 18 90 166 153 194 106 153 82 
50 102 157 185 33 79 129 158 3 80 77 24 78 50 196 68 150 109 134 163 121 177 68 
40 198 21 110 179 4 54 155 165 130 55 139 187 39 17 179 72 74 22 133 75 74 
88 62 148 182 159 189 10 108 63 11 126 107 123 175 168 159 30 160 
87 144 57 115 145 41 171 2 178 42 142 15 172 37 192 57 73 56 23 67 170 186 
5 61 84 125 199 113 16 191 173 86 44 84 100 119 140 141 119 
51 103 161 120 164 81 
197 43 38 48 47 124 36 49 
20 128 188 131 32 181 64 143 19 25 
169 34 135 9 136 71 65 35 66 29 
14 45 



Evaluación: 2397.27
