27 146 156 28 138 111 176 69 132 167 154 105 40 28 53 58 112 152 13 94 53 
147 89 183 95 97 117 137 6 59 92 151 98 93 104 96 99 137 87 144 2 115 178 57 172 144 
52 153 194 82 106 182 88 148 62 159 153 7 18 60 83 166 114 18 127 31 
180 26 195 149 179 109 12 177 150 80 116 184 68 77 121 55 46 91 
190 162 101 1 50 102 157 185 79 129 158 76 33 81 50 3 50 196 
73 72 197 198 110 4 139 39 155 21 75 74 133 41 110 54 130 134 165 
70 122 51 30 160 128 188 20 103 120 9 135 35 164 169 17 
5 118 199 84 173 61 85 100 193 5 37 192 119 44 141 86 16 5 113 
42 142 14 191 38 43 15 171 145 56 23 187 186 22 191 140 8 174 45 125 191 
48 123 107 11 19 47 124 36 78 24 
163 34 161 136 71 65 10 90 108 
25 170 189 32 131 63 181 66 29 
67 168 49 64 143 175 126 




Evaluación: 2358.33
