53 28 27 69 148 62 11 107 123 126 90 63 64 143 130 27 
112 89 6 104 96 99 5 98 84 86 113 46 61 89 49 14 
105 40 26 21 73 74 72 75 22 133 41 56 4 23 67 75 
146 111 132 77 3 116 80 134 24 55 25 139 135 71 111 
58 137 117 13 2 87 144 57 115 15 145 110 39 38 142 13 
52 147 94 59 93 85 17 42 52 68 120 103 66 32 65 52 
138 12 149 54 109 150 121 29 78 34 9 136 
95 97 92 37 100 91 16 141 119 44 140 43 
127 88 106 7 82 48 47 19 124 
1 101 70 31 108 10 122 20 30 131 35 
76 50 102 33 81 79 129 51 128 
18 118 83 60 114 45 125 8 36 
Evaluación: 2002.44
