53 28 27 132 70 1 33 129 78 34 9 135 11 49 36 27 
112 89 6 104 147 5 17 113 61 45 8 46 119 43 140 89 
105 26 146 88 7 148 62 123 107 19 48 125 14 38 48 65 66 47 
138 149 109 54 134 150 3 81 120 71 35 24 109 
58 40 21 73 72 74 75 56 4 39 25 133 23 15 67 25 
111 76 50 102 77 79 51 103 20 30 131 32 64 102 
52 18 60 118 83 84 114 82 124 143 122 
137 13 94 92 98 85 100 42 142 
127 31 69 101 10 108 126 63 90 106 128 136 
95 96 99 37 91 16 141 44 86 
117 97 59 93 87 144 2 57 115 22 
12 80 116 68 121 29 130 55 110 145 41 139 
Evaluación: 1975.58
