53 105 28 1 102 50 33 81 129 78 34 135 120 103 9 29 81 
27 111 112 18 106 7 48 123 82 17 46 107 20 66 128 71 
146 52 89 60 118 83 84 125 45 86 140 89 75 23 56 65 
138 26 58 115 144 57 145 2 21 72 74 133 39 58 
13 94 6 104 99 147 114 8 124 49 36 143 44 94 
127 31 88 62 108 10 63 90 126 30 122 131 35 51 136 108 
40 149 109 80 150 77 79 121 3 54 25 139 
137 87 97 100 91 85 119 14 43 41 24 
117 92 37 98 61 5 42 15 142 38 22 67 
12 116 68 134 130 55 4 73 110 
96 59 95 93 141 16 113 
76 132 69 70 101 148 11 47 19 64 32 
Evaluación: 1999.04
