27 146 53 69 88 31 62 108 90 126 11 19 10 64 53 86 16 4 
28 105 112 18 118 60 5 114 8 46 48 36 41 18 
58 137 13 87 97 37 98 91 100 142 43 14 38 141 113 97 
111 138 149 21 72 110 73 115 74 133 22 145 75 67 23 73 
40 89 52 148 7 106 82 83 45 124 143 47 49 123 107 83 
94 147 96 99 93 92 144 57 42 15 119 44 63 94 
26 109 150 3 129 78 34 135 9 136 65 131 
127 132 1 33 79 81 120 103 35 
12 116 68 121 29 80 102 54 25 
117 6 95 104 85 59 84 17 125 140 
50 76 77 134 24 55 130 139 39 56 2 
101 70 122 30 20 51 71 66 32 128 61 
Evaluación: 2023.66
