112 27 146 69 132 50 51 81 120 135 136 35 10 146 48 107 143 
28 111 138 1 102 33 78 34 9 103 71 66 128 32 63 128 
105 58 13 92 98 59 144 42 142 15 43 86 19 64 13 65 49 47 
53 40 26 110 21 73 74 72 75 4 55 25 39 139 67 
94 6 96 147 104 99 100 119 141 38 140 7 11 94 
52 89 60 5 61 85 44 14 84 45 36 46 89 
117 95 97 93 37 91 16 113 17 125 124 
127 31 101 122 70 30 108 62 148 90 
12 149 109 80 150 68 121 24 134 56 126 
137 87 2 115 57 145 22 41 133 23 
76 77 116 79 3 129 29 54 130 20 131 
18 118 83 8 82 114 106 123 88 
Evaluación: 1981.71
