53 112 27 6 99 59 61 93 16 85 110 56 27 67 39 23 
28 138 111 101 122 30 128 20 131 32 66 71 135 9 35 65 20 
89 147 96 104 118 5 125 17 140 89 108 4 139 
58 105 26 109 150 54 130 68 134 121 24 80 25 34 109 
13 117 94 37 98 92 119 141 44 142 86 38 94 
52 127 31 70 10 62 148 123 107 11 126 63 113 70 
40 149 146 60 83 84 45 8 46 143 49 64 114 
12 76 116 77 50 3 79 78 33 29 21 55 
137 2 144 42 100 91 14 43 15 41 133 75 
18 106 88 82 7 48 47 124 19 90 
95 97 87 115 145 57 73 72 74 22 36 
1 132 69 102 81 120 51 103 136 129 
Evaluación: 2037.3
