27 28 138 50 102 33 51 9 103 71 35 65 66 11 64 71 
53 105 58 2 57 145 73 72 74 133 75 56 23 58 114 120 5 
112 147 94 104 96 98 91 141 44 140 83 46 112 
146 52 18 106 88 127 7 62 123 82 124 19 107 47 49 
13 117 97 93 85 37 16 119 61 125 45 14 38 63 85 
89 111 76 3 79 68 29 134 24 130 25 55 67 3 
40 149 109 80 150 54 4 21 110 39 41 43 
26 132 69 70 122 30 128 20 32 131 90 126 143 
95 6 99 59 100 42 144 142 115 22 15 
137 87 92 118 60 84 17 113 86 
12 116 77 129 78 81 34 135 136 121 139 
1 101 31 10 108 148 48 8 36 
Evaluación: 2018.63
