53 112 146 88 148 62 106 48 7 47 19 49 131 64 136 49 
28 27 132 50 33 79 68 134 24 55 54 56 27 86 
105 26 149 110 21 74 22 133 75 145 15 43 39 67 25 74 
89 147 94 96 59 99 85 37 46 89 14 38 113 14 
58 137 117 97 104 93 100 42 142 119 91 141 23 44 97 
138 12 76 102 81 9 103 120 135 35 71 66 65 135 
40 111 69 122 30 70 51 78 34 20 32 128 
13 95 92 87 144 2 57 115 73 41 72 
127 52 6 118 5 84 61 98 16 17 90 
1 101 31 10 108 126 63 11 107 36 143 
18 60 83 125 45 114 82 124 123 8 140 
109 80 116 77 3 129 121 150 29 130 139 4 
Evaluación: 2060.88
