112 146 53 2 57 115 145 41 22 15 42 14 119 44 144 53 
105 28 138 50 102 76 68 129 81 51 120 135 131 76 48 49 
58 13 94 6 99 93 60 18 83 114 8 124 19 47 94 
111 27 132 70 122 30 108 90 63 11 126 123 107 64 27 
26 12 109 116 3 79 33 78 121 134 9 103 66 130 3 
89 147 96 117 104 118 106 7 82 113 89 141 38 86 141 
52 69 1 77 150 80 24 29 34 136 35 20 65 71 143 
137 87 97 37 100 85 16 91 98 36 
127 31 101 148 62 88 10 32 128 
149 110 4 139 25 54 55 39 56 73 142 140 
40 21 74 72 133 75 23 67 46 
95 92 59 5 84 61 17 45 125 43 
Evaluación: 2031.81
