27 146 112 6 104 99 61 91 44 14 141 60 4 139 42 112 
105 58 40 21 73 74 22 75 56 72 133 41 130 39 74 23 67 
89 147 96 92 37 100 119 118 84 8 114 89 121 34 29 89 
111 138 53 87 115 57 144 2 145 15 142 43 140 38 86 87 
26 28 12 116 3 129 78 33 120 135 35 136 103 66 65 3 
52 18 106 7 82 48 47 19 107 124 125 49 71 143 124 
137 94 95 93 59 5 83 46 36 
13 117 97 98 85 16 113 17 45 
1 132 101 122 51 102 79 81 9 110 55 
149 109 150 77 68 80 134 24 54 25 
127 88 148 62 31 10 126 11 63 123 
76 50 69 70 108 30 128 32 90 20 131 64 
Evaluación: 1926.18
