27 167 127 31 108 189 10 159 32 167 194 107 175 11 168 143 167 
105 152 112 147 5 86 99 105 162 30 181 63 128 51 131 124 36 105 
28 154 138 76 77 3 129 121 163 165 67 56 28 38 61 119 28 
53 156 94 183 96 151 37 97 172 57 42 6 53 41 140 43 41 
13 95 59 98 193 141 14 142 192 117 13 40 18 125 64 199 1 18 
180 149 179 130 54 4 39 139 155 145 115 15 179 
85 100 93 104 16 44 191 113 173 83 84 17 85 
26 195 68 116 158 164 34 65 136 35 78 195 50 122 101 122 
111 196 184 81 79 169 29 198 110 55 92 111 69 70 20 111 
89 118 166 114 174 45 8 46 91 
48 47 49 19 123 62 7 
176 102 157 185 9 135 66 71 24 
12 109 177 134 150 80 170 23 73 
182 148 190 88 106 82 153 52 132 
72 197 133 22 75 186 187 25 21 90 
87 144 171 74 178 2 137 58 146 60 
161 103 120 33 188 160 126 
Evaluación: 2830.96
