27 112 183 96 104 95 99 61 141 14 43 57 112 2 124 173 112 
28 154 138 102 81 120 33 185 28 162 189 11 175 63 90 70 101 143 28 
53 105 26 152 58 156 132 69 30 51 157 50 88 46 26 60 26 
167 127 182 62 148 159 108 107 167 1 158 184 65 35 136 1 
180 149 179 198 21 133 23 67 170 169 121 163 34 92 21 
85 193 93 98 151 97 137 172 42 142 38 15 140 85 
89 147 118 83 174 45 16 192 89 18 52 153 181 64 126 52 
176 111 196 116 76 77 3 79 129 29 80 150 122 78 6 111 
13 94 59 100 37 86 44 191 17 13 84 113 199 
87 178 144 115 145 75 56 187 25 110 41 117 
166 48 123 47 49 19 36 
5 125 114 194 106 82 8 168 7 
195 68 177 134 130 39 
12 109 54 155 4 139 164 135 
72 197 171 74 73 22 186 165 55 40 119 91 
161 103 9 188 66 128 71 24 
146 190 31 10 32 131 160 20 
Evaluación: 2831.12
