112 156 147 96 104 151 125 45 8 18 24 112 127 52 132 11 143 7 112 
53 152 58 95 178 2 137 40 155 110 56 53 115 67 25 34 15 142 53 
28 138 154 177 109 68 80 54 163 78 55 28 1 32 189 90 36 1 
167 27 190 148 62 10 108 30 128 70 27 82 124 175 124 
111 176 102 50 76 116 79 157 188 20 126 176 162 122 66 176 
105 149 26 184 77 158 129 134 130 165 23 179 26 
180 198 21 73 75 22 4 139 170 187 145 41 61 83 199 75 
89 183 13 97 193 191 119 38 140 43 57 99 89 
166 118 5 113 141 14 192 92 166 106 194 153 88 63 64 166 
85 59 93 98 37 100 172 42 84 
195 12 196 3 185 33 169 121 150 29 69 
182 48 123 47 49 168 
72 197 171 133 74 39 186 117 91 
87 144 94 86 44 16 173 6 
146 31 159 107 19 174 114 60 17 
161 103 120 9 71 65 51 101 46 
81 164 135 35 136 160 131 181 
Evaluación: 2829.89
