27 156 112 58 147 93 97 37 96 6 17 27 188 66 71 103 136 128 
28 154 12 109 68 150 80 77 76 129 78 28 158 30 32 70 64 74 28 
53 152 105 138 184 116 102 50 51 53 157 169 65 35 43 126 53 
167 190 127 162 159 108 160 122 167 132 101 189 131 181 63 110 41 167 
111 176 1 31 148 10 62 194 153 88 19 11 90 1 
85 193 141 16 100 151 92 14 119 44 85 42 15 57 85 
180 40 26 134 54 177 79 185 33 9 135 20 24 26 
89 183 94 99 98 191 171 73 21 115 117 89 106 199 60 89 
13 59 95 104 125 114 82 18 52 146 13 137 145 2 145 
166 5 118 174 45 8 83 91 
87 178 144 172 142 192 38 140 75 
182 48 123 107 175 49 7 46 
72 197 133 22 23 186 56 187 55 
149 195 179 4 139 39 196 69 
198 155 130 165 170 67 163 29 121 25 
161 120 81 164 34 3 
86 113 61 173 84 47 168 143 36 124 
Evaluación: 2821.67
