27 167 190 127 159 62 31 148 88 46 167 162 101 132 175 63 126 167 
112 183 94 59 95 93 99 104 37 112 108 32 181 64 11 65 112 
28 111 176 102 68 116 158 185 33 160 69 176 10 189 107 7 41 36 176 
13 152 105 147 6 86 61 191 192 91 13 117 52 114 29 13 
85 193 141 16 44 14 119 38 140 43 15 85 49 143 168 143 
180 154 26 134 163 79 135 35 136 51 180 186 25 165 180 
87 178 144 151 97 100 142 42 172 98 92 18 87 
53 58 40 21 73 133 67 139 75 187 110 55 53 
195 12 196 76 50 77 184 157 30 128 1 90 12 
89 166 5 113 174 125 84 17 60 
182 48 123 19 47 124 82 
149 179 155 39 170 23 56 115 
72 197 171 74 22 145 57 137 96 173 2 
161 71 120 103 9 188 20 70 
146 156 118 83 45 8 194 106 153 199 
198 4 130 177 109 138 54 150 121 80 24 78 
81 164 34 169 129 3 66 131 122 
Evaluación: 2754.94
