27 156 112 154 68 116 76 121 27 132 160 32 66 65 71 150 80 11 27 
105 180 152 178 115 2 22 186 56 145 41 170 110 180 57 43 15 
53 13 94 96 151 92 16 113 125 61 84 17 13 101 70 146 13 
28 111 196 184 158 77 164 34 135 35 6 46 111 64 52 199 
167 190 31 162 159 62 189 63 167 69 10 30 122 51 181 167 
89 147 183 95 104 100 192 119 142 42 97 91 89 
176 1 102 50 157 81 79 3 33 185 129 78 1 
85 193 93 141 191 44 14 38 172 85 173 138 21 173 
166 18 118 60 83 114 82 123 174 124 36 18 19 128 169 
195 12 109 177 134 163 29 54 165 40 
48 47 168 49 107 175 143 
26 149 179 130 155 39 4 73 117 
5 59 99 98 37 86 140 45 8 
87 144 171 74 75 72 58 137 55 
198 197 133 23 67 139 25 187 
182 148 88 127 194 106 7 153 108 126 24 
161 103 120 9 188 20 131 90 136 
Evaluación: 2775.4
