27 167 190 162 101 102 120 34 169 136 167 52 189 107 49 175 11 52 
105 53 152 178 115 2 145 41 186 31 127 146 117 53 69 33 51 53 
28 138 12 184 196 76 77 185 129 121 80 132 28 131 70 122 28 
111 176 1 50 157 79 81 135 71 35 181 63 126 50 187 15 140 50 
13 112 156 58 144 172 151 100 37 142 43 192 98 112 36 64 143 
180 149 154 177 134 163 29 150 54 66 24 149 40 73 137 
89 183 147 6 96 104 99 61 113 83 82 60 89 
85 93 118 125 174 8 45 114 199 92 93 84 160 128 
87 59 95 97 193 141 16 14 173 87 57 42 38 57 
166 94 5 86 44 191 119 91 
48 47 124 168 19 123 159 17 
26 68 116 3 158 164 65 46 
195 179 130 4 155 39 56 21 110 78 
182 62 148 88 194 153 18 106 7 10 
72 171 22 133 74 23 165 109 
198 197 75 67 170 139 25 55 108 
161 103 9 188 20 30 32 90 
Evaluación: 2826.58
