53 152 13 58 72 198 21 73 115 2 53 18 153 88 181 126 106 18 
105 180 149 54 130 155 4 139 187 25 186 56 74 145 6 149 
112 183 94 151 98 37 97 193 100 119 17 55 112 137 57 172 57 
167 31 162 132 69 1 30 188 20 32 167 101 70 66 51 191 43 167 
111 28 154 138 177 150 3 77 169 121 29 185 52 28 7 64 131 28 
27 156 147 96 104 99 113 61 173 114 199 84 27 42 117 36 27 
85 59 95 178 133 75 39 91 85 14 192 142 44 38 140 15 41 90 142 
26 195 109 134 68 80 179 110 170 163 197 40 109 24 78 
176 102 50 157 79 158 33 160 128 176 103 65 136 
166 5 93 141 16 86 92 
87 144 171 22 23 67 165 
48 47 124 168 19 175 123 82 46 
89 118 125 174 8 45 83 60 
182 148 190 108 189 10 194 
12 196 184 76 116 81 34 35 122 
161 71 120 164 135 9 129 
146 127 159 62 107 49 143 11 63 
Evaluación: 2807.35
