112 183 94 95 151 97 100 191 61 91 112 113 173 84 140 115 83 84 
105 53 58 40 171 22 145 75 56 144 172 57 15 53 29 80 24 53 
28 111 154 138 102 79 185 120 77 111 66 131 20 25 165 36 66 
13 87 178 2 152 59 96 141 16 17 87 142 42 38 142 
167 27 156 159 10 62 107 19 49 27 101 1 69 27 
85 193 93 98 37 86 14 192 44 43 85 104 45 119 85 
26 180 149 130 4 187 54 150 163 169 129 135 35 121 117 149 
166 147 89 18 153 82 194 7 168 124 8 199 99 92 166 
48 182 148 108 160 30 128 188 103 51 162 148 122 70 64 
195 68 116 76 184 177 179 139 55 
5 118 60 114 125 174 6 46 
176 132 190 88 106 47 143 123 52 
72 197 133 74 23 186 73 21 110 137 
12 109 196 158 3 164 34 9 78 
146 127 31 189 181 32 63 11 175 90 
198 155 39 67 170 134 41 
81 33 157 50 161 71 65 136 126 
Evaluación: 2814.91
