53 112 156 147 94 95 99 100 141 173 112 138 76 177 145 43 41 112 
105 154 12 184 77 102 50 157 51 105 197 187 110 84 7 64 197 
27 190 127 31 162 30 128 20 33 78 27 96 98 14 140 36 175 27 
167 132 69 101 108 32 131 66 181 126 153 167 146 1 150 29 136 1 
13 152 180 40 198 21 155 4 139 25 55 13 104 142 42 13 
111 176 196 158 79 129 34 65 188 122 52 60 176 
85 59 93 151 97 193 16 61 44 17 85 192 37 38 192 
89 183 118 174 45 113 191 46 89 58 137 172 115 15 57 89 
87 144 178 2 133 22 75 67 170 165 144 109 121 35 109 
28 26 195 179 54 134 130 163 80 
48 47 124 168 49 143 107 90 91 
182 62 159 189 10 160 63 70 
5 125 114 83 199 8 86 119 117 
166 18 106 194 82 148 123 19 11 88 
149 68 116 3 164 81 185 
72 171 74 23 186 39 56 73 92 
161 71 120 135 9 103 169 24 6 
Evaluación: 2871.01
