28 111 27 69 132 77 129 68 109 121 24 55 67 29 111 32 81 128 111 
146 53 58 117 97 95 37 98 100 44 113 17 146 11 107 19 107 
112 89 6 118 5 99 85 91 59 46 89 108 63 10 143 64 49 89 
138 105 40 21 73 22 41 15 43 145 133 23 34 131 40 65 136 66 
52 18 147 60 114 8 125 45 82 83 124 84 18 
13 94 96 104 93 92 61 16 119 140 38 86 126 94 
127 31 101 30 122 20 103 120 51 35 
26 12 76 116 80 150 134 130 54 70 
149 110 72 74 75 56 4 39 139 25 
137 2 115 57 144 87 42 14 142 141 90 78 
1 50 102 3 79 33 9 135 71 
106 88 148 62 7 48 123 47 36 
Evaluación: 2115.28
