146 27 52 7 31 10 126 90 32 131 20 63 11 146 44 47 49 146 
112 53 13 97 87 95 59 98 100 112 45 125 113 14 15 67 112 
28 111 132 102 116 3 121 79 81 35 71 111 19 143 107 65 111 
89 147 94 99 96 92 91 37 16 86 140 17 89 
58 105 40 110 130 54 134 24 55 4 75 56 23 43 110 
26 12 109 80 68 150 25 139 39 57 115 26 142 119 38 142 
127 88 148 108 62 123 48 8 36 
137 117 6 104 93 85 141 61 84 82 
1 101 69 70 30 51 103 9 122 66 128 29 
149 21 73 72 133 74 145 41 2 22 144 
138 76 77 50 33 129 78 34 120 135 136 64 
18 118 60 5 83 114 106 124 46 42 
Evaluación: 2080.49
