112 53 13 95 96 99 42 142 119 140 14 38 112 47 49 64 
28 27 138 12 76 116 68 80 134 24 28 4 54 34 66 48 143 4 
105 40 146 31 70 30 51 120 9 135 136 35 71 10 11 63 65 51 
89 6 94 59 104 93 84 125 45 124 89 19 107 82 89 
26 58 147 92 37 100 16 141 86 109 55 78 58 
111 69 101 122 77 3 121 29 79 150 130 25 67 111 
137 2 144 115 145 22 73 75 56 139 39 
127 52 132 106 7 148 62 108 90 32 20 
149 21 72 74 133 41 57 15 110 23 43 
1 50 102 33 129 81 103 128 131 126 36 
18 60 83 118 5 61 44 113 46 
87 117 97 98 85 91 17 114 8 123 88 
Evaluación: 2087.43
