112 27 146 60 83 114 82 8 125 84 5 15 112 75 23 72 112 
105 28 111 116 77 3 81 9 120 135 136 71 111 67 65 66 
138 53 12 109 150 68 29 134 121 34 24 138 118 113 86 138 
89 52 127 106 7 48 124 123 19 47 36 49 106 
13 117 137 2 115 145 57 42 144 142 43 119 140 44 14 13 
40 149 26 76 80 54 130 55 139 39 4 56 38 26 
94 147 58 21 110 73 22 133 74 41 46 
18 6 96 59 99 92 100 91 16 141 61 25 
1 69 132 30 51 50 78 33 20 131 107 64 143 
101 70 122 102 79 129 103 128 32 35 63 
87 97 95 104 98 93 37 85 17 
88 148 31 62 10 108 126 11 90 45 
Evaluación: 2104.01
