146 27 132 88 106 82 7 148 31 90 126 63 143 146 141 86 32 146 
112 53 13 96 99 59 85 91 61 8 46 112 16 5 48 49 65 107 112 
89 52 28 76 116 77 150 24 121 55 25 22 67 43 38 28 
105 40 58 117 92 98 95 42 142 14 44 100 47 131 58 66 
138 12 109 68 3 80 79 78 34 33 20 138 9 120 135 138 
111 1 50 102 122 70 30 128 51 103 71 136 1 
94 6 147 104 37 93 84 17 113 140 119 15 
127 69 101 10 108 62 123 19 11 64 35 
137 87 97 144 2 115 57 145 41 139 39 
18 118 60 83 114 125 45 124 36 
26 21 72 73 133 75 56 74 23 
149 110 4 130 134 54 29 129 81 
Evaluación: 2185.98
