28 111 53 76 116 68 3 79 81 51 111 30 103 20 128 66 71 103 
112 27 147 95 97 92 142 91 16 86 140 112 19 143 49 11 64 63 112 
105 40 58 21 73 72 110 2 133 130 134 24 34 43 58 135 35 65 58 
138 26 12 80 109 150 149 4 54 55 23 33 136 26 
146 89 94 59 99 93 83 8 114 125 45 17 94 
13 137 117 96 98 100 14 44 119 38 124 36 47 137 
52 132 1 50 77 102 129 121 29 78 120 122 
127 88 106 7 82 48 123 62 107 
101 31 69 148 108 10 90 32 131 70 126 
18 118 6 87 42 37 15 75 22 25 
5 84 60 104 85 61 113 141 46 
144 57 115 145 41 74 56 139 39 67 9 
Evaluación: 2096.16
