112 27 89 95 96 104 84 83 125 45 19 112 108 128 32 120 65 66 112 
146 52 127 31 148 7 88 62 123 107 126 63 10 143 36 49 148 
105 53 58 115 21 72 74 22 75 133 55 78 105 23 139 39 139 
138 26 28 101 50 102 81 33 30 20 131 90 64 56 140 101 
111 76 116 77 68 3 129 121 29 80 79 25 111 67 
94 6 147 99 93 92 61 91 44 142 15 43 8 38 94 
137 117 13 98 85 37 141 14 57 17 
40 2 144 42 100 119 86 16 113 145 
18 106 82 48 47 124 46 114 11 
149 12 109 54 134 24 130 110 4 150 
1 132 69 70 122 51 103 9 135 136 35 71 34 
87 97 59 60 5 118 73 41 
Evaluación: 2144.93
