112 53 105 149 12 109 80 150 54 4 110 74 112 130 75 139 112 
146 28 111 76 77 3 79 102 33 81 9 55 111 34 65 71 
58 27 13 95 59 99 37 42 142 15 43 145 58 125 141 67 58 
89 6 96 93 98 92 91 61 100 119 14 44 140 38 89 23 
40 26 138 69 50 68 116 121 134 24 129 120 136 138 
137 94 147 104 5 85 84 113 16 94 133 56 39 94 
52 132 101 30 70 10 126 63 90 122 66 135 29 
1 127 31 108 32 128 20 51 103 78 
18 60 118 83 8 45 114 17 86 
87 97 117 144 2 115 57 73 72 21 22 41 
88 148 62 123 107 11 47 143 36 64 25 
106 82 48 7 124 46 49 19 131 35 
Evaluación: 2123.98
