112 27 146 96 104 95 87 99 93 91 44 140 112 81 32 103 112 
89 6 147 60 83 5 85 61 16 43 17 89 114 141 86 113 38 119 89 
58 40 28 50 102 33 129 78 34 135 35 71 120 28 65 23 49 
138 105 53 73 72 21 74 133 22 75 56 110 51 105 
13 137 117 2 144 57 115 145 41 4 55 39 67 139 137 
26 111 76 77 3 79 150 134 54 25 24 9 111 
127 69 132 88 10 108 90 63 126 48 143 
149 12 109 116 80 68 121 29 130 15 
94 59 92 98 37 97 42 100 142 14 136 
18 52 31 122 20 128 30 131 66 64 36 
101 1 70 148 62 11 19 123 107 47 
106 7 82 8 45 84 118 125 46 124 
Evaluación: 2159.56
