28 53 105 12 76 77 3 150 79 34 136 28 22 139 23 67 66 65 28 
89 147 112 60 83 118 93 61 42 89 8 45 125 19 107 113 89 
58 40 146 99 59 96 98 5 114 82 124 36 64 146 49 10 49 
138 111 27 102 33 81 129 121 24 25 56 75 84 143 111 
26 149 109 80 54 130 134 110 4 39 41 145 149 
94 13 117 104 97 92 91 119 44 86 14 43 140 38 13 
127 31 69 50 116 68 78 29 55 73 142 
52 132 1 51 9 120 135 71 35 103 20 
18 6 95 37 100 85 141 16 17 
137 87 144 115 57 2 21 74 72 133 15 
88 106 148 62 7 123 48 47 46 
101 122 30 128 131 108 70 90 63 126 32 11 
Evaluación: 2104.45
