167 27 112 58 152 53 105 195 146 167 69 184 3 163 65 35 167 
13 183 94 96 104 95 151 44 192 140 92 13 137 40 197 74 73 41 137 
26 154 138 68 150 177 134 109 24 26 198 4 187 186 165 25 26 
111 196 116 76 102 81 33 157 50 111 149 179 67 56 71 78 111 
28 156 147 190 31 10 108 70 17 28 77 169 34 185 117 51 28 
87 178 115 2 171 22 75 133 145 43 87 42 83 60 119 87 
166 89 118 125 8 194 7 153 106 88 166 84 173 199 166 
182 148 159 62 189 32 66 131 122 182 158 121 29 182 
48 47 168 19 175 11 63 107 123 126 64 136 48 
164 120 9 135 161 103 90 55 
30 160 188 128 20 181 79 129 46 
52 127 162 101 176 132 1 12 54 130 80 
23 39 170 139 155 72 110 6 
144 59 93 99 193 141 38 142 91 
86 85 100 37 97 98 172 15 57 
113 5 61 16 191 14 180 21 
82 174 114 45 49 143 124 36 18 
Evaluación: 2921.66
