167 31 127 190 62 123 160 128 167 88 7 124 143 14 119 15 57 43 167 
28 111 196 116 68 184 77 158 185 76 111 50 150 109 110 56 80 111 
87 144 178 171 133 72 22 198 2 144 115 145 73 74 117 36 144 
13 183 147 94 95 151 92 100 37 146 13 137 40 172 42 137 
166 89 112 58 152 105 138 53 21 166 142 192 140 142 
182 148 159 32 181 188 20 131 11 182 65 136 34 
26 149 154 12 195 180 156 193 91 17 26 75 67 165 26 
48 47 168 174 8 106 83 199 84 16 38 48 64 51 9 51 
164 120 161 71 66 103 135 33 46 164 35 78 29 164 
30 108 189 162 176 1 132 69 101 70 122 126 
52 194 153 27 102 157 79 129 169 121 
18 118 5 141 191 44 98 
86 85 59 99 96 104 97 6 55 
82 114 125 45 113 93 61 173 60 
23 186 197 155 4 139 39 41 
49 19 175 107 10 63 90 81 3 
179 130 134 163 177 54 170 25 187 24 
Evaluación: 2942.6
