167 190 127 162 101 102 196 184 6 167 176 50 1 34 136 64 167 
13 152 112 94 95 151 92 97 99 2 13 53 27 132 40 142 43 13 
111 28 105 156 154 138 12 134 54 28 177 33 51 124 103 110 28 
26 149 195 68 116 77 3 185 158 80 26 76 157 128 83 26 
87 178 115 171 22 75 56 130 165 109 90 87 57 89 146 57 
182 148 62 189 159 10 194 153 106 7 60 182 88 11 63 182 
86 113 141 44 14 192 119 16 191 5 42 113 173 84 61 113 
166 147 183 96 59 93 104 193 91 140 166 199 8 38 166 
30 188 161 71 135 35 65 32 69 30 20 122 126 30 
48 123 19 175 107 47 168 36 46 
23 186 197 72 133 74 145 144 15 
164 120 81 9 79 129 169 24 55 
18 114 125 45 174 49 143 70 
82 118 85 100 37 98 172 117 17 
52 31 108 160 131 181 66 78 
179 155 39 187 170 67 4 41 
137 58 180 198 21 73 139 25 163 29 121 150 
Evaluación: 2889.26
