28 138 12 109 177 134 130 39 186 28 156 132 50 53 74 40 28 
111 176 102 196 116 77 3 158 185 129 91 111 184 81 33 115 56 43 111 
26 154 105 180 195 54 4 187 55 24 26 79 157 51 64 122 26 
167 27 190 159 108 32 131 20 136 167 76 1 101 167 
87 178 144 95 151 92 100 192 119 140 44 6 87 
48 182 148 62 107 175 11 49 19 153 124 182 181 65 128 65 
86 141 16 113 125 83 199 106 123 70 86 38 170 165 86 
166 147 118 60 93 104 61 99 96 84 17 173 166 
164 34 161 103 9 135 68 150 80 163 34 121 29 169 34 
13 152 58 112 183 89 146 69 46 
30 160 188 66 71 120 35 78 
18 5 85 193 191 14 142 41 
23 133 22 72 171 197 110 117 
82 174 114 8 45 194 7 189 126 90 63 
52 31 162 127 88 10 47 168 143 36 
179 155 198 21 73 75 67 139 149 
137 94 59 98 37 97 172 57 2 145 15 42 25 
Evaluación: 2939.67
