28 154 12 184 196 76 50 157 3 28 177 170 139 25 110 109 28 
167 27 190 148 62 10 188 20 122 101 167 132 181 126 143 36 64 167 
13 152 58 94 95 59 151 97 91 13 96 37 61 43 165 63 13 
111 176 102 81 120 9 79 121 46 111 33 51 185 129 136 70 111 
166 147 183 89 5 112 53 137 42 166 106 153 88 199 166 
26 180 105 149 72 133 145 41 67 26 75 56 138 26 
182 48 82 194 31 162 1 69 156 114 83 18 84 92 17 82 
87 178 115 22 74 198 4 187 39 87 15 142 173 142 
30 108 159 189 160 128 131 32 90 146 30 135 65 11 30 
164 34 161 103 71 66 35 78 
23 186 197 155 130 134 163 24 29 
52 127 118 125 174 45 8 7 
144 85 93 193 191 119 172 57 2 60 
113 141 86 16 100 98 99 104 
179 195 68 150 80 116 158 77 169 117 
49 47 19 175 123 107 168 124 6 
14 192 44 38 140 171 73 21 54 40 55 
Evaluación: 2911.91
