28 154 12 109 195 177 68 150 80 28 134 130 4 163 186 56 28 
167 27 156 152 58 112 105 53 146 167 158 185 169 35 136 69 167 
26 180 149 198 21 73 171 178 2 41 26 54 155 170 15 57 29 26 
87 85 193 141 191 100 37 98 99 42 87 137 115 40 199 36 137 
166 118 60 125 45 47 32 126 70 166 38 140 43 166 
111 176 132 102 196 116 76 184 138 111 179 67 187 67 
13 183 147 89 5 61 44 192 142 13 145 74 110 145 
182 159 108 10 189 62 88 7 181 122 182 131 20 1 182 
164 34 81 120 135 71 65 9 79 78 34 129 121 165 34 
48 82 174 124 168 143 64 106 96 
23 133 22 75 72 197 139 117 91 
52 190 162 101 127 31 50 77 3 24 
30 161 103 66 188 160 46 
144 172 59 95 97 94 104 83 84 173 
18 114 8 194 153 148 63 90 128 51 33 157 
86 113 16 93 151 92 14 119 17 
49 107 19 175 123 11 39 25 55 6 
Evaluación: 2893.47
