167 31 127 190 162 101 1 176 50 51 167 161 65 32 11 126 88 167 
28 138 154 105 112 59 97 37 173 28 54 150 29 121 106 146 28 
26 180 152 156 89 27 132 69 157 33 78 24 26 40 2 84 26 
13 94 95 151 92 93 142 43 172 57 145 21 13 185 122 64 13 
111 196 184 116 76 102 158 3 77 117 111 109 170 67 25 115 199 111 
87 178 144 171 72 197 133 73 91 87 42 15 41 70 20 136 87 
182 48 123 107 175 159 148 62 189 19 90 48 168 124 10 48 
166 147 183 96 104 100 99 61 45 82 7 17 166 
30 160 188 66 103 9 71 135 35 30 181 128 131 181 
86 113 85 141 192 119 6 46 
52 118 60 83 114 174 8 194 153 
18 5 125 47 49 143 36 63 
23 186 75 22 39 139 187 56 74 
164 34 81 120 79 129 169 80 
179 149 68 134 163 130 4 110 55 
137 58 53 12 177 195 198 155 165 
14 44 191 16 193 98 38 140 108 
Evaluación: 2925.3
