28 138 154 68 196 184 12 24 46 28 76 157 33 129 121 170 28 
13 152 112 156 105 180 40 53 73 13 104 96 58 15 43 145 13 
167 190 127 148 88 189 63 107 143 36 8 146 167 7 126 109 167 
87 178 2 115 133 22 171 198 74 56 87 21 54 130 25 119 29 87 
111 102 50 81 79 158 3 77 116 111 162 1 122 51 111 
48 82 114 174 125 45 83 113 173 97 117 17 82 
26 149 179 155 72 197 75 67 165 90 26 134 150 163 26 
166 118 147 89 183 5 84 99 166 27 132 69 101 169 185 166 
164 120 161 9 188 20 103 71 78 164 35 136 177 164 
30 160 128 66 32 10 176 70 55 
86 141 191 85 98 100 91 6 
182 159 62 123 47 168 175 60 
52 31 108 181 131 49 124 61 92 
23 186 39 139 187 4 195 110 41 
18 153 106 194 19 11 64 65 135 34 80 
144 59 93 151 37 16 38 140 192 199 
137 94 95 193 14 44 142 172 42 57 
Evaluación: 2932.82
