28 154 138 105 58 112 53 156 6 28 184 134 163 29 169 121 28 
111 176 132 69 102 50 157 33 79 158 78 55 111 65 35 71 65 
26 149 180 40 198 171 74 22 145 57 42 110 26 75 56 186 26 
87 85 93 99 5 174 123 88 87 195 109 177 150 77 185 122 15 41 87 
166 118 147 183 89 152 137 117 60 166 168 153 7 64 70 36 166 
167 31 127 162 1 196 76 68 80 167 3 130 165 25 167 
182 159 148 10 189 62 19 107 175 24 182 126 131 63 182 
48 47 124 125 83 199 45 84 173 38 97 119 48 
13 94 59 104 95 96 27 146 12 116 13 21 179 67 13 
30 188 20 128 160 32 81 129 46 
86 141 16 44 191 100 192 43 91 
23 39 170 187 4 155 139 
144 172 178 115 72 197 133 73 2 
18 114 8 82 106 194 49 143 11 90 
113 61 193 98 37 151 92 142 14 140 54 
164 34 120 9 161 135 136 
52 190 108 181 66 103 51 101 17 
Evaluación: 2980.93
