167 27 190 31 10 108 189 128 90 167 198 197 133 165 169 2 167 
13 94 95 151 92 59 98 193 14 43 13 40 22 145 29 146 41 13 
111 176 132 69 102 157 50 79 3 185 121 111 33 122 70 64 25 111 
87 85 93 99 96 104 61 44 119 38 87 172 142 42 87 
26 149 195 68 116 196 184 77 26 177 109 155 75 4 110 26 
28 105 180 152 58 53 156 171 55 28 21 74 73 28 
182 159 148 62 47 174 8 124 18 182 101 150 163 182 
86 113 141 16 191 100 178 115 144 57 15 113 140 137 192 113 
166 147 112 89 5 183 6 97 37 199 166 187 186 56 166 
164 34 81 120 135 35 65 136 
48 123 107 175 11 63 66 131 126 
52 127 162 1 161 103 51 71 158 129 
30 160 32 181 188 20 9 78 24 
23 39 139 170 67 72 91 17 46 
82 118 60 83 114 125 84 173 45 
49 143 19 194 106 7 153 88 168 36 76 
179 130 54 134 154 138 12 80 117 
Evaluación: 2972.71
