112 13 87 97 95 100 14 38 119 140 61 47 62 11 14 88 64 
105 53 94 96 104 98 142 144 115 137 57 42 15 41 43 96 
27 31 148 108 10 30 122 81 135 35 33 3 127 77 108 
58 40 72 133 23 75 22 145 39 25 55 29 72 
111 102 68 150 134 54 67 21 73 74 2 102 69 65 136 102 
89 147 85 141 44 86 6 46 89 106 18 52 131 63 82 52 
138 26 149 109 130 4 139 56 110 50 121 78 
28 118 60 125 113 45 83 84 17 92 91 
12 116 79 129 120 9 51 128 20 126 90 
48 123 107 19 49 143 36 124 70 
5 93 59 37 99 16 114 8 7 117 
146 132 1 101 32 66 71 103 34 76 80 24 
Evaluación: 2177.26
