112 147 118 114 83 18 52 132 69 88 60 46 112 71 20 136 
27 31 127 148 108 32 66 128 131 30 120 34 129 122 108 63 64 90 108 
105 26 149 54 4 39 139 130 67 25 29 121 149 24 55 6 55 
28 111 102 79 81 33 9 103 135 65 35 51 78 102 
53 13 87 100 141 86 119 142 43 15 57 145 41 110 73 
94 85 93 96 16 44 140 144 2 40 61 137 117 84 42 16 
58 95 97 98 104 113 45 49 143 91 
48 82 106 62 107 123 124 8 7 70 
89 5 125 47 19 10 11 126 17 
72 22 133 23 75 56 21 74 115 92 
138 116 68 150 12 109 76 77 80 1 
146 59 99 37 14 38 134 3 50 101 36 
Evaluación: 2207.4
