27 112 94 96 147 6 97 37 99 18 10 131 126 64 127 142 73 96 
28 105 58 137 144 57 145 39 67 130 21 4 56 40 2 43 117 115 40 
111 138 12 116 77 76 50 1 132 30 128 20 101 69 70 136 24 41 116 
53 26 72 75 22 133 74 23 139 25 55 109 29 121 129 60 92 75 
13 87 59 98 100 16 104 83 82 124 143 36 84 7 17 87 
31 148 88 62 107 11 63 32 66 65 135 34 78 51 103 11 
89 118 5 125 45 113 46 
95 85 93 61 114 8 106 52 
48 47 49 19 123 108 91 
149 54 134 150 79 3 33 120 90 
146 102 68 80 81 9 71 35 122 
86 141 44 38 140 14 119 42 15 110 
Evaluación: 2124.68
