27 111 102 50 79 81 135 35 65 71 20 51 34 69 50 63 110 117 50 
112 147 94 93 118 5 37 91 112 52 45 61 44 119 97 6 52 
53 105 28 132 1 101 148 62 88 11 64 126 7 142 15 28 
85 100 59 99 104 96 86 113 141 43 100 42 38 140 42 
58 40 26 130 4 39 67 134 121 129 78 29 25 145 57 134 
13 95 87 144 115 2 137 125 83 84 98 14 41 73 56 144 
89 48 123 107 19 49 143 36 46 
12 68 116 3 77 120 9 122 
138 149 54 109 76 150 80 33 30 131 90 70 146 24 
31 108 10 32 66 103 128 136 
72 133 23 22 74 21 139 75 55 17 
127 106 114 8 82 47 124 18 16 60 92 
Evaluación: 2193.77
