112 13 87 100 37 141 14 44 38 119 140 43 57 40 110 15 2 100 
105 26 149 130 4 72 22 75 39 67 21 139 25 56 55 72 
28 138 12 134 54 109 3 9 103 135 35 34 129 121 150 143 134 
53 147 89 114 82 125 8 127 132 69 90 53 1 51 122 36 7 101 
27 31 108 62 148 88 30 128 66 65 136 10 20 29 78 136 
94 59 93 99 96 104 142 42 133 41 145 115 6 92 94 
58 118 5 86 16 84 17 46 91 
102 50 81 33 79 120 71 24 
85 98 95 117 144 97 113 61 137 60 
111 76 68 80 77 116 23 74 73 
48 123 19 47 107 49 70 
146 52 106 18 83 45 124 32 63 126 64 11 131 
Evaluación: 2159.65
