112 13 87 144 115 133 4 110 75 40 109 29 121 24 25 73 2 84 144 
105 58 94 95 97 98 37 14 119 16 104 61 123 143 11 126 131 36 97 
53 26 12 76 77 50 30 128 66 71 51 122 103 20 146 76 
111 68 116 150 80 79 3 129 33 65 1 111 69 101 132 6 70 60 111 
85 93 59 96 99 141 100 142 42 57 15 43 38 17 93 64 
28 27 118 83 45 125 114 106 7 52 117 27 8 124 63 27 
102 81 120 9 135 34 35 136 78 55 
138 134 54 39 67 23 56 
31 127 148 88 108 10 62 32 46 
89 147 5 86 113 44 140 91 
149 130 72 22 145 41 74 139 21 137 18 
48 82 47 19 49 107 90 92 
Evaluación: 2198.45
