112 147 118 60 83 125 45 18 132 17 112 67 115 57 25 55 67 
105 58 53 40 68 80 134 54 4 130 150 109 110 40 
94 13 87 97 5 141 44 119 14 142 38 140 43 42 84 141 
111 28 27 52 114 8 49 64 66 34 39 21 2 41 15 114 
31 148 88 108 10 30 32 131 128 65 35 20 122 29 78 108 
26 149 72 133 22 74 75 23 139 56 145 73 126 121 72 
85 100 59 99 98 37 96 61 137 6 91 
89 48 123 47 19 11 143 36 124 46 
102 50 76 77 79 81 103 71 
12 138 116 3 33 51 9 135 120 129 
95 93 104 16 113 86 144 117 92 
146 127 62 107 82 106 7 63 90 1 69 101 70 24 136 
Evaluación: 2201.58
