112 13 94 97 141 16 44 38 140 43 145 41 57 132 101 7 119 60 16 
105 58 40 72 75 22 133 74 21 110 50 30 122 128 20 70 24 150 75 
27 31 148 108 10 62 107 11 19 143 36 63 64 1 69 15 108 
111 102 68 80 134 39 25 67 53 6 117 102 65 29 121 65 
28 26 12 109 79 129 3 81 33 9 103 51 35 34 78 109 
89 147 85 100 37 98 142 42 14 137 17 89 146 52 84 
87 144 59 96 86 113 8 46 91 
95 118 5 114 125 18 92 
48 123 47 124 82 49 106 
138 116 76 77 120 135 71 66 136 55 
149 54 130 23 139 4 56 73 115 2 
93 99 104 61 45 83 127 88 32 126 90 131 
Evaluación: 2238.36
