53 58 112 118 125 45 114 8 83 82 69 17 112 25 55 24 
28 111 102 79 129 3 33 9 135 71 35 136 132 52 146 140 92 102 
105 149 12 134 130 4 39 139 56 110 73 97 137 18 60 90 64 18 
27 31 108 62 10 148 127 106 7 19 124 36 143 88 1 62 
13 95 85 100 98 37 16 61 14 119 67 150 121 109 142 100 
26 68 116 77 120 81 51 103 70 26 101 20 65 
89 94 147 96 59 104 44 38 46 
48 123 47 49 107 11 63 
87 144 57 145 115 2 21 40 54 29 34 78 80 6 
5 93 99 86 141 113 84 91 
72 75 133 74 23 22 41 15 43 42 117 
138 76 50 30 32 66 128 131 126 122 
Evaluación: 2166.81
