27 111 102 79 129 120 81 103 9 51 66 102 3 76 150 110 55 33 76 
105 58 13 137 97 98 141 14 119 140 115 145 40 73 135 35 136 17 97 
112 94 59 104 96 99 47 143 36 63 64 67 42 94 
28 26 12 109 54 134 77 50 1 101 70 20 122 52 146 109 
85 100 93 86 113 5 61 84 38 57 2 139 29 121 24 84 
31 108 10 107 123 19 49 124 30 132 69 90 108 
53 147 118 83 114 82 45 60 6 
87 144 95 37 16 44 142 43 15 41 56 117 
138 116 68 80 130 4 39 25 78 
89 18 48 125 8 106 88 11 126 7 46 91 
149 72 133 22 75 23 74 21 
127 148 62 32 131 128 71 65 34 92 
Evaluación: 2200.54
