112 53 105 26 58 137 94 147 6 89 46 112 28 138 146 27 52 127 146 
111 69 1 50 132 102 33 76 12 80 109 150 29 111 101 31 70 10 70 
13 95 117 87 97 92 59 96 104 99 37 93 13 40 149 110 4 21 72 4 
88 106 82 18 83 118 60 5 114 8 125 45 7 91 83 17 61 85 16 44 100 61 
122 30 20 128 51 9 120 103 131 32 108 30 90 63 11 126 62 90 148 19 123 148 
144 57 145 2 41 74 75 22 115 15 42 142 43 133 73 139 55 24 145 98 119 141 14 140 38 113 86 145 
134 54 130 77 116 3 68 121 
48 107 47 124 143 36 49 64 78 
84 56 39 67 25 79 81 34 129 136 
71 66 135 23 65 35 


Evaluación: 2047.05
