112 53 105 58 137 117 94 147 96 99 92 37 60 112 89 6 13 97 59 89 27 52 18 118 89 
111 138 28 146 132 127 88 148 7 106 31 70 69 101 1 76 40 146 12 116 77 68 3 146 
87 95 104 93 85 98 144 42 100 91 119 87 57 145 2 115 73 74 41 145 22 75 56 145 
26 149 21 109 150 134 130 54 80 24 110 139 55 25 4 149 102 33 149 50 81 120 149 
83 84 17 113 5 125 45 114 8 82 48 123 36 46 5 61 16 44 14 142 61 
122 20 128 30 51 103 9 71 135 35 136 131 126 122 108 32 90 62 63 11 10 19 47 
124 143 49 64 129 78 121 34 72 23 
107 141 86 43 140 38 133 15 
65 29 79 66 39 67 



Evaluación: 2018.15
