146 27 52 89 6 147 96 104 93 59 99 60 146 112 105 53 26 149 105 58 
28 111 138 12 116 77 76 109 80 134 150 68 138 69 132 50 3 102 33 129 78 81 138 
94 95 13 137 117 87 92 37 98 100 61 16 94 118 83 84 97 85 91 5 94 
1 70 122 51 9 103 71 135 120 79 121 29 34 24 46 51 101 88 127 31 10 148 62 108 63 31 
18 114 8 106 82 48 7 19 123 11 55 18 45 125 113 17 86 119 18 
40 2 144 21 72 110 74 73 22 75 115 145 15 42 40 54 130 139 4 56 40 41 57 43 
124 36 47 143 49 64 90 131 32 128 126 
14 141 142 44 140 38 23 107 
25 67 133 20 35 65 66 136 30 
39 


Evaluación: 2053.87
