146 53 112 147 6 94 95 117 13 92 17 91 46 146 27 132 69 1 101 31 52 127 106 146 89 105 
111 138 12 28 76 116 109 149 26 58 21 110 55 24 138 77 3 129 79 102 50 68 138 
40 73 72 133 74 75 22 41 115 2 137 144 40 96 104 99 93 85 40 87 57 
88 7 62 108 90 126 148 70 122 10 30 128 131 88 18 118 5 18 60 83 84 125 8 45 18 
145 42 142 14 119 100 37 98 44 141 16 61 97 140 15 14 59 86 43 38 113 14 
4 54 134 150 80 121 139 56 23 39 4 130 25 67 29 33 120 78 4 
48 82 114 124 19 123 47 36 
107 143 11 64 63 20 103 71 136 135 35 34 
49 32 66 9 51 65 81 



Evaluación: 1921
