146 112 27 28 53 58 105 40 13 94 117 6 112 89 18 52 127 31 69 132 31 
138 26 12 109 150 80 116 77 3 149 21 73 115 57 2 26 137 87 95 97 37 87 
1 111 76 50 102 81 120 9 103 122 111 68 79 78 34 135 71 35 33 111 
106 82 114 8 7 123 19 107 48 124 83 60 46 92 82 118 5 99 59 96 93 61 
144 42 142 147 104 100 14 119 91 44 43 15 41 133 74 142 85 141 142 
70 30 20 51 128 108 32 131 101 90 126 11 62 88 24 30 10 148 66 136 65 30 
84 125 113 17 16 98 145 22 56 75 55 25 
134 54 110 4 130 139 72 129 29 121 
23 67 39 63 47 36 64 143 
140 86 38 49 45 


Evaluación: 2046.7
