112 27 53 13 117 95 94 147 6 96 37 112 89 28 111 138 26 
105 40 137 58 146 52 132 127 31 88 7 18 83 118 60 106 52 1 50 102 33 69 1 70 30 20 30 
87 2 57 115 97 92 59 98 100 91 93 144 142 17 46 55 87 42 99 5 85 61 141 16 42 
149 21 73 74 72 75 56 139 39 4 110 24 149 12 80 150 109 130 54 116 76 77 149 68 149 
101 122 51 81 103 71 135 35 120 79 78 3 51 129 9 136 65 66 32 131 51 128 10 51 
84 45 8 114 113 86 104 125 119 84 48 82 123 107 62 19 107 126 11 107 
148 90 63 108 124 143 47 36 64 49 41 
134 121 29 34 25 23 133 145 22 140 
14 44 15 38 43 67 



Evaluación: 2075.62
