112 27 146 89 147 6 96 104 99 93 98 100 37 112 28 53 111 138 28 132 69 127 31 28 
58 13 117 97 95 92 59 87 144 137 94 57 13 40 149 12 109 26 105 149 110 
18 106 52 88 62 7 148 10 70 30 108 101 50 122 1 60 91 46 88 82 48 123 107 11 63 126 32 11 
5 84 118 61 85 16 17 113 83 84 125 45 8 124 36 47 114 44 84 86 
42 115 145 41 22 142 14 119 43 141 38 140 74 42 21 73 72 75 56 133 23 15 139 2 
51 33 81 103 9 71 135 35 136 65 78 121 24 51 120 79 102 3 129 34 77 51 
134 150 68 76 54 130 55 4 80 
25 116 20 66 90 131 64 49 19 143 29 
39 67 128 



Evaluación: 2026.98
