112 27 89 6 94 147 13 137 58 53 112 146 105 40 28 111 132 1 111 
26 12 149 109 150 80 138 76 77 116 54 110 25 26 52 18 106 7 82 106 88 148 31 
127 70 101 69 50 122 20 128 32 90 126 63 108 30 51 60 101 62 123 107 11 19 47 48 101 
87 97 117 95 59 92 98 100 91 85 144 87 115 2 145 57 15 43 42 142 14 119 37 87 
84 83 5 118 96 99 104 61 16 113 93 17 46 5 114 8 124 36 45 141 44 86 5 
41 22 133 74 73 21 75 72 56 39 41 4 55 134 130 24 121 29 134 3 129 68 78 81 134 
139 67 79 102 33 103 9 34 
66 120 135 71 136 35 65 131 10 
23 140 38 49 143 125 64 



Evaluación: 1895.58
