28 111 146 27 112 89 52 127 69 1 101 132 31 6 91 146 105 53 26 105 58 13 117 13 137 
94 147 96 95 59 99 93 104 97 92 60 37 46 94 118 83 5 85 98 100 94 
149 40 138 12 76 77 68 116 80 109 150 134 138 50 102 79 138 21 138 
87 2 144 42 115 57 145 15 43 119 44 141 14 41 87 73 72 22 133 75 87 142 
88 7 148 10 108 90 62 11 19 123 106 126 88 70 30 20 128 32 131 122 33 51 9 71 30 
18 114 125 45 8 82 124 36 143 107 64 17 24 18 84 113 16 61 38 86 113 140 113 
4 130 110 56 74 139 25 55 54 121 29 129 3 34 78 
103 66 120 81 35 136 65 135 
23 48 47 49 63 
67 39 


Evaluación: 2059.46
