146 27 132 111 138 26 105 112 89 69 146 53 28 1 52 106 7 82 114 83 18 146 
40 58 13 137 87 144 57 115 145 2 42 142 43 97 95 94 96 99 104 91 46 
149 21 73 110 109 12 150 80 54 4 72 139 55 149 147 59 98 93 85 100 6 60 149 
127 88 148 62 31 70 108 10 90 126 11 19 124 143 148 101 30 51 102 50 51 33 120 51 
5 61 118 84 17 141 44 86 16 61 117 37 92 119 113 45 125 8 61 
122 76 77 3 116 68 79 129 81 24 122 103 71 135 9 66 35 136 20 71 65 
134 121 29 34 130 56 133 75 74 22 
123 107 47 49 48 36 64 41 78 
15 14 140 38 23 25 128 131 32 63 
67 39 


Evaluación: 2032.04
