112 94 95 97 59 104 99 5 96 84 112 89 147 27 40 52 15 112 
138 12 149 130 54 4 139 67 144 55 138 109 39 73 110 145 56 138 
48 47 49 143 19 123 31 148 146 48 11 64 124 36 43 140 48 
127 118 85 100 37 98 14 119 91 6 127 101 70 122 25 117 42 127 
58 105 26 13 137 87 142 44 38 57 58 53 50 76 58 
111 28 102 81 33 9 120 135 78 24 111 34 29 121 34 
134 68 150 116 79 129 3 77 80 
86 113 141 16 61 93 92 2 46 
18 114 8 45 83 125 106 7 88 82 126 
23 133 75 72 74 22 41 115 21 60 
1 132 69 30 32 131 103 71 65 35 136 17 
66 128 20 108 10 62 107 63 90 51 
Evaluación: 2342.15
