112 94 95 87 93 104 98 61 84 89 91 112 120 9 71 35 34 29 7 112 
58 13 147 5 141 44 142 42 37 92 17 46 58 96 2 15 58 
111 102 68 80 116 12 76 50 3 78 55 111 77 109 21 110 150 129 111 
127 31 108 62 10 30 122 81 51 127 101 132 69 65 136 121 127 
138 26 149 72 133 22 73 74 144 53 138 33 103 135 20 131 64 138 
134 54 130 4 75 56 145 57 115 28 79 24 134 70 41 43 134 
23 39 139 25 67 105 40 137 6 
52 118 60 113 16 14 119 38 140 
48 123 107 11 19 49 63 126 90 
18 114 125 45 8 83 106 88 27 1 
82 47 124 143 36 148 32 66 128 
86 85 59 99 100 97 117 146 
Evaluación: 2253.02
