111 102 50 77 3 79 34 135 65 129 111 76 54 4 25 109 56 55 24 111 
138 28 27 132 69 30 32 128 131 20 51 33 138 63 90 64 138 
112 94 13 85 93 99 100 98 91 112 89 96 137 117 6 11 112 
127 118 147 59 95 97 37 104 92 146 127 1 122 106 36 126 15 1 
58 87 144 72 75 22 145 115 105 80 58 26 53 38 140 41 43 58 
48 123 107 49 47 124 125 45 60 48 8 7 101 121 78 70 48 
23 39 139 67 133 74 21 40 
52 31 108 62 10 148 88 19 143 17 
134 130 68 116 150 12 149 110 46 
86 141 44 119 16 113 84 83 
18 114 82 5 61 14 142 42 57 2 73 
66 103 81 120 9 71 136 35 29 
Evaluación: 2310.77
