111 68 116 77 3 79 34 66 20 111 40 144 97 145 73 110 24 78 111 
138 12 109 102 120 9 30 10 88 138 139 25 55 74 15 38 138 
112 94 147 59 95 87 93 92 112 96 104 98 115 2 57 56 43 140 112 
48 123 47 124 19 49 143 107 62 48 11 126 63 90 51 64 48 
127 31 148 108 32 131 128 65 136 121 127 106 146 122 21 7 70 127 
58 53 13 137 105 28 132 101 69 27 89 99 17 58 60 6 36 58 
86 113 141 44 119 14 142 41 
134 54 130 72 75 133 22 117 
52 118 5 61 85 16 46 
23 39 4 67 149 26 150 91 
18 114 125 8 82 45 84 83 100 42 37 
1 50 81 103 135 71 35 33 129 76 80 29 
Evaluación: 2336.8
