111 102 68 79 129 81 9 51 78 111 32 128 34 29 35 136 111 
138 12 109 130 4 39 67 139 25 56 138 77 3 33 69 88 70 138 
48 123 19 49 143 107 11 63 30 20 7 48 96 14 43 137 140 117 48 
112 13 95 59 93 104 99 97 87 112 142 15 115 60 64 36 112 
134 150 116 76 50 120 103 135 71 65 24 134 121 122 101 126 90 55 134 
58 105 28 53 26 54 149 40 72 110 80 58 2 57 119 58 
23 133 75 74 73 22 145 41 21 144 92 
127 118 85 98 37 100 61 42 
52 31 62 148 108 10 66 131 6 
86 113 141 16 44 5 91 46 
1 132 27 146 147 94 125 18 89 
82 106 47 124 45 8 114 83 84 38 17 
Evaluación: 2296
