112 147 94 96 95 93 100 37 144 117 46 112 40 73 67 139 25 145 112 
111 68 116 77 79 81 9 103 90 111 69 122 70 20 131 51 111 
48 82 114 125 83 45 8 124 49 36 88 7 60 6 82 38 140 84 82 
58 13 87 97 59 99 89 27 105 58 2 137 57 43 41 110 58 
127 31 62 107 123 47 11 126 64 143 17 127 19 61 104 15 146 136 127 
138 26 12 102 50 1 101 132 28 109 53 138 76 121 3 24 35 138 
86 141 85 16 44 98 
52 106 148 10 108 63 65 71 34 29 92 
23 75 22 74 133 72 4 56 55 
134 150 80 54 130 149 39 21 115 
18 118 5 113 14 142 42 119 91 
66 128 30 32 120 135 33 129 78 
Evaluación: 2291.04
