112 147 118 125 83 94 96 84 112 93 104 99 44 38 119 98 61 15 112 
138 26 149 72 75 22 41 115 2 57 142 43 42 138 73 25 55 138 
48 123 47 124 49 143 36 114 8 45 146 48 19 82 107 145 110 101 48 
111 28 68 80 12 116 77 105 13 111 106 88 7 111 
127 31 108 10 32 30 122 62 11 46 127 148 63 64 127 
134 130 4 67 87 144 58 53 137 117 91 134 24 109 128 24 
86 113 85 141 14 92 17 
52 27 102 120 79 129 121 29 34 78 6 
23 39 139 56 74 133 21 40 89 60 
18 5 59 95 97 100 37 16 140 
1 50 76 3 81 33 51 20 65 136 131 90 70 
66 103 9 71 35 135 54 150 132 69 126 
Evaluación: 2329.25
