58 13 112 94 147 5 83 8 58 87 115 2 53 40 74 38 140 15 58 
48 123 107 11 19 49 47 82 124 90 48 62 27 106 45 64 84 48 
111 102 68 116 3 79 77 28 117 111 101 131 126 70 121 25 111 
138 26 12 149 54 72 21 73 105 137 92 91 138 80 78 146 138 
127 148 31 10 108 30 122 32 63 7 127 88 143 36 60 43 57 127 
134 130 39 4 67 75 56 139 109 110 55 134 150 29 24 134 
23 133 22 145 144 59 104 99 37 
86 141 16 61 93 98 142 42 41 
18 114 125 113 100 14 119 44 17 
52 118 85 95 97 96 89 46 
1 50 76 81 135 35 65 136 33 34 129 69 
66 120 9 71 103 128 20 51 132 6 
Evaluación: 2310.44
