111 102 68 150 12 116 50 76 33 24 111 1 122 51 34 128 64 70 129 1 
112 94 95 87 13 93 61 84 99 60 112 137 4 56 25 145 2 112 
58 53 105 72 133 75 74 73 21 40 115 17 58 142 15 57 58 
138 26 149 109 79 3 77 30 32 20 138 80 121 29 83 8 7 138 
127 31 108 10 148 88 107 125 124 127 11 126 131 63 90 143 127 
134 130 54 81 120 103 71 65 35 134 135 136 22 41 110 78 134 
86 85 59 96 97 98 104 6 91 
52 118 5 114 45 47 36 146 
23 39 139 67 144 100 37 92 117 42 
113 141 16 14 44 119 140 38 43 55 
18 147 89 28 132 27 69 66 9 101 
48 82 106 62 19 123 49 46 
Evaluación: 2356.08
