112 94 95 97 85 100 98 14 6 112 40 22 4 139 110 115 112 
138 12 68 80 77 79 3 81 129 101 138 116 121 150 71 35 78 138 
58 13 59 104 93 99 87 144 57 145 58 2 142 15 43 42 41 58 
48 47 49 19 11 32 131 128 20 136 48 83 60 67 56 74 140 83 
127 31 148 10 30 122 51 9 66 126 90 127 69 109 65 29 92 64 127 
134 130 54 149 105 28 26 53 89 146 70 55 134 24 
111 27 118 147 96 5 84 7 
23 75 72 73 21 133 39 117 91 
18 114 125 45 8 106 52 88 132 76 25 
113 86 141 44 119 16 38 17 46 
82 123 62 108 107 143 36 124 61 37 137 
1 50 102 33 120 135 34 103 63 
Evaluación: 2326.84
