112 183 147 5 125 45 114 82 174 83 199 8 124 5 173 
156 152 105 138 76 158 81 188 122 156 146 88 126 88 
27 111 154 134 163 79 34 66 65 111 33 51 69 51 
53 180 149 179 130 4 198 110 23 67 139 197 56 25 41 130 
94 95 151 37 141 86 191 192 16 119 15 95 145 140 38 145 
167 127 31 159 148 62 10 189 32 181 131 19 64 90 24 62 
190 162 176 132 1 30 128 108 63 175 123 160 60 176 
13 59 93 104 96 98 113 61 84 194 7 99 43 70 36 93 
68 196 116 77 157 120 135 9 71 35 136 20 129 196 
85 100 193 44 14 142 172 42 117 92 
28 102 50 164 161 103 101 
26 12 184 3 185 169 121 177 150 80 29 78 
87 97 144 57 115 178 58 137 40 186 17 
89 118 166 18 153 182 106 52 
48 47 168 49 143 107 11 46 91 
195 109 54 39 187 155 170 165 55 
171 133 75 72 22 74 21 73 2 6 
Evaluación: 2695.21
