156 183 94 151 92 98 61 173 84 83 199 194 153 52 7 124 64 143 94 
27 190 31 159 108 189 181 66 103 51 9 3 108 63 108 
53 152 58 178 2 171 133 186 110 91 53 21 40 109 
28 111 176 1 30 161 188 32 10 49 11 126 127 32 
147 89 118 60 5 125 174 45 8 89 22 145 57 89 
105 154 12 177 130 4 23 56 73 105 163 29 121 
112 85 193 141 191 16 113 38 140 144 15 85 67 74 88 
167 132 69 162 101 160 131 128 71 20 33 129 122 70 78 167 
13 59 93 104 99 86 119 14 192 97 117 115 41 170 93 
68 150 134 54 179 155 187 25 80 
196 116 77 102 79 81 185 146 
87 95 96 100 37 44 142 172 42 43 137 6 
180 26 195 138 158 120 34 169 17 
166 18 114 48 82 106 47 46 90 
182 148 62 107 175 19 123 168 36 
149 198 72 75 197 39 139 24 55 
184 76 50 157 164 135 65 35 136 165 
Evaluación: 2643.53
