156 112 183 151 100 98 104 99 44 38 140 119 14 142 183 57 43 
53 105 152 58 40 198 72 22 197 110 73 105 194 52 69 105 
27 167 31 159 148 88 189 10 160 128 103 71 136 121 35 88 
94 147 118 125 45 174 8 124 123 6 147 37 172 42 147 
28 138 154 54 130 4 187 67 56 24 28 146 63 168 146 
111 176 132 182 62 108 30 122 32 126 90 7 176 
190 127 162 101 1 81 185 33 50 66 65 181 64 84 15 
180 149 26 171 133 75 23 186 170 25 163 135 70 36 171 
68 196 76 158 79 129 157 188 20 51 131 107 2 74 76 
89 85 193 16 191 141 192 91 117 
13 59 93 86 113 61 199 46 
95 97 87 144 178 115 145 41 21 137 17 
48 47 49 143 19 175 11 60 
195 109 134 39 139 155 165 55 179 
12 116 102 120 9 161 78 92 
166 18 5 114 82 106 153 83 96 173 
184 177 150 77 164 34 169 29 3 80 
Evaluación: 2634.27
