156 112 147 96 99 100 144 172 57 2 145 67 139 187 179 41 96 
53 58 105 138 102 157 50 120 35 17 53 137 109 169 165 70 146 
183 118 5 86 16 191 98 117 91 183 54 130 110 74 
27 167 31 148 88 62 107 175 11 123 49 143 36 64 63 62 
94 13 95 151 97 37 114 174 8 188 66 136 95 
111 176 1 132 30 108 181 161 103 51 80 1 122 128 131 
180 152 154 12 177 134 163 150 29 180 52 101 69 101 
190 162 127 194 82 106 18 83 113 173 19 10 7 20 24 127 
28 196 184 76 79 81 185 33 9 71 65 135 121 76 
85 193 141 14 192 119 45 84 46 
59 93 104 61 44 142 38 140 43 15 42 60 
68 116 77 3 158 164 34 78 129 55 
26 149 198 72 73 197 21 195 40 
166 48 47 168 124 125 199 153 
87 178 115 22 39 170 25 56 92 
89 182 159 189 160 32 126 90 6 
171 133 75 186 23 155 4 
Evaluación: 2658.7
