112 183 94 96 99 104 98 141 44 151 37 61 119 140 84 199 60 173 96 
27 156 53 58 40 21 73 22 75 145 115 97 57 43 15 117 80 90 53 
105 152 13 137 178 133 186 56 139 121 105 1 132 69 110 17 146 1 
167 190 31 127 194 153 52 162 108 181 32 126 64 51 127 70 
28 111 196 77 158 3 161 71 135 35 136 9 129 78 185 77 
85 59 93 118 83 114 8 113 191 142 38 46 93 
68 177 12 116 134 130 54 170 23 41 74 2 12 
89 147 166 18 106 7 123 19 11 66 20 122 63 124 36 18 
26 149 195 109 179 155 187 67 25 163 169 29 150 24 55 179 
180 154 138 81 33 120 103 92 
95 87 144 172 42 100 14 192 16 91 6 
48 82 182 47 168 49 
184 76 102 79 164 34 65 
176 50 157 30 188 160 131 128 101 
159 148 88 62 10 189 107 175 143 
5 125 174 45 86 193 
171 72 198 197 4 39 165 
Evaluación: 2577.37
