27 167 31 162 30 160 128 20 32 49 123 19 153 78 
112 147 94 96 104 141 38 140 142 15 57 75 21 186 165 96 
156 152 13 58 171 22 133 74 110 156 169 29 121 
53 105 154 76 158 79 129 185 33 1 69 194 7 90 105 
28 111 196 50 77 3 9 103 65 131 126 11 122 150 163 77 
190 127 159 189 148 88 10 107 175 143 168 36 138 51 117 159 
180 26 195 109 130 4 39 170 67 187 155 139 55 130 
68 177 134 54 179 149 198 72 73 23 56 145 80 25 40 145 
89 118 5 86 113 16 199 91 89 52 132 101 64 52 
59 151 92 37 14 119 61 173 83 84 191 18 
183 85 93 193 44 192 43 42 46 
87 178 2 144 172 97 137 115 197 41 146 
95 100 98 99 166 114 8 106 82 63 6 
176 102 81 120 164 34 24 
48 47 124 174 125 45 17 60 
12 184 116 157 161 71 135 35 70 
182 62 108 181 188 66 136 
Evaluación: 2675.69
