27 167 127 182 62 108 161 71 120 169 9 20 126 20 36 51 146 
112 183 94 96 104 99 98 37 178 115 2 172 42 142 15 43 96 
156 147 118 83 199 45 61 86 44 140 117 91 147 
105 152 180 40 58 137 144 57 133 186 165 105 113 173 84 
190 162 101 102 50 76 77 157 33 1 70 122 65 52 101 
111 154 28 116 79 81 185 3 129 29 17 111 153 60 6 153 
13 59 85 193 93 151 92 14 192 119 38 22 145 41 85 
68 196 184 177 150 80 179 197 75 67 187 170 74 73 24 177 
31 148 159 10 32 131 188 103 164 35 136 11 90 159 
89 166 18 194 7 106 88 189 107 143 63 
26 138 149 54 130 155 23 56 25 
53 87 95 100 141 16 191 97 
48 82 174 47 168 49 46 
12 195 109 134 163 158 121 34 135 110 
176 132 69 30 160 128 66 181 78 
5 125 114 8 124 19 175 123 64 
171 72 198 4 39 139 21 55 
Evaluación: 2651.79
