156 183 147 178 2 115 57 172 142 44 38 119 37 61 173 147 
27 167 31 108 10 148 194 153 106 88 162 132 69 188 136 108 
105 152 13 97 144 72 73 74 22 21 105 47 63 126 40 105 
112 89 166 18 125 174 8 82 124 143 160 128 90 146 18 
94 118 60 86 16 113 141 17 94 6 104 192 140 15 145 94 
53 180 149 198 197 39 170 4 110 76 164 34 78 3 41 170 
111 176 1 102 50 157 81 33 9 65 35 185 1 
190 182 159 189 62 107 11 175 32 131 30 70 122 159 
28 154 26 179 54 177 150 80 77 181 28 101 117 7 
68 196 184 116 158 79 129 121 
85 93 5 114 45 83 199 84 91 
59 99 151 92 100 98 193 191 14 43 42 
195 12 138 109 134 130 163 169 29 24 
95 96 87 137 58 23 139 165 25 52 
171 133 75 186 155 187 56 67 55 
127 48 123 49 19 168 36 64 20 
161 71 66 103 120 135 51 46 
Evaluación: 2606.06
