156 152 13 178 115 133 39 165 156 146 132 101 122 128 51 78 146 
112 147 118 125 174 8 114 45 173 17 147 61 166 199 
105 154 138 76 158 77 134 163 79 105 169 129 33 169 
28 196 184 3 164 120 135 35 65 9 103 184 34 121 24 
27 167 31 10 189 108 160 32 181 131 63 31 69 52 137 31 
183 59 85 100 141 191 86 14 119 192 38 6 192 
190 162 127 62 107 175 143 11 168 153 66 20 64 126 29 62 
53 94 95 96 151 92 37 97 98 99 172 142 15 140 84 96 
180 40 58 72 75 197 139 170 67 25 55 40 43 90 36 
68 116 102 157 50 81 185 70 
89 5 93 193 16 44 113 104 
26 12 177 109 54 130 187 179 150 80 110 
111 176 1 30 161 71 188 136 
195 149 198 21 155 4 186 56 73 41 2 
48 47 124 49 123 19 18 46 91 
182 159 148 88 82 194 106 7 83 117 
87 144 171 22 74 23 145 57 42 60 
Evaluación: 2694.56
