112 156 183 6 178 87 144 172 42 15 14 61 84 60 173 92 183 
27 190 127 162 101 132 69 120 9 135 71 103 181 126 90 24 55 101 
28 154 138 76 50 102 3 157 185 150 28 148 189 11 143 64 121 148 
105 180 26 179 198 197 4 187 186 170 54 22 57 115 52 136 78 197 
94 95 151 98 37 100 192 119 38 140 43 137 2 65 35 95 
147 89 166 18 153 194 82 114 8 83 199 107 168 36 63 129 153 
111 176 1 30 188 160 32 161 66 128 20 131 51 117 
13 59 118 125 174 45 182 88 91 59 146 7 70 
53 152 58 40 21 133 74 145 41 73 110 165 163 80 53 
68 196 184 79 81 33 122 
167 31 159 108 10 62 106 46 
195 109 134 130 155 39 139 56 
85 93 99 104 193 191 142 97 96 
12 116 77 158 164 34 169 29 177 
5 113 141 86 44 16 17 
48 47 49 19 123 175 124 
149 72 171 75 23 67 25 
Evaluación: 2654.06
