53 105 156 152 40 26 180 149 138 28 69 91 46 105 58 112 183 147 6 94 117 105 
89 27 167 52 146 111 132 1 101 176 76 196 77 184 154 111 12 195 177 150 80 177 54 177 
137 13 97 92 59 95 87 151 99 104 96 93 60 17 97 37 98 100 193 191 141 97 2 178 97 
50 102 185 33 157 81 129 158 116 109 121 55 50 127 162 31 190 88 148 50 3 50 
21 72 74 171 197 73 133 75 56 22 145 41 110 72 179 130 165 155 4 187 179 198 
18 153 194 7 182 166 83 114 8 174 18 199 118 125 45 173 84 199 5 16 44 16 
85 119 192 61 86 113 142 42 14 172 15 85 144 115 144 57 186 139 23 67 57 
82 106 48 124 168 47 36 143 49 90 82 62 19 107 82 123 175 11 159 123 189 123 
30 160 131 128 20 188 103 51 122 32 63 108 160 70 
78 169 68 134 24 29 34 79 9 
25 170 39 43 38 140 10 181 126 163 
164 35 136 135 71 66 65 120 
161 64 




Evaluación: 2475.28
