53 156 112 152 40 180 58 137 115 2 46 53 28 138 26 105 27 167 28 146 52 
13 183 6 117 94 97 151 95 96 99 92 104 37 91 13 147 166 60 5 118 13 
89 18 83 199 153 106 194 182 88 190 127 7 18 111 154 184 76 196 50 1 132 111 
176 162 31 70 69 122 102 33 81 51 185 176 101 30 20 160 32 90 63 176 
12 177 109 149 179 110 198 72 74 171 73 21 197 75 22 145 72 
195 80 150 116 77 3 79 158 68 121 129 78 195 4 130 134 163 54 55 195 155 195 
87 178 144 172 142 57 15 43 42 100 59 17 56 87 93 85 61 193 191 16 98 61 
82 48 123 62 148 159 189 108 107 175 11 123 19 47 124 36 19 168 19 
173 84 125 8 174 113 141 86 84 45 44 192 14 140 114 119 133 41 84 
24 29 157 120 9 161 103 188 
169 34 164 71 35 136 65 135 128 126 
23 39 186 187 170 165 67 25 
181 66 131 64 143 49 10 139 
38 



Evaluación: 2447.23
