53 112 156 146 147 89 183 13 137 152 46 112 105 58 40 26 180 105 138 105 
27 28 154 111 176 1 132 69 101 70 30 162 80 28 76 116 77 184 12 109 28 52 
166 18 153 106 194 7 82 83 199 114 8 125 17 173 91 6 18 167 127 190 88 182 62 167 
149 198 21 72 73 74 22 133 197 171 145 115 2 57 172 41 73 
50 102 33 157 3 196 68 177 50 185 79 129 81 120 9 78 169 185 
87 117 95 92 59 99 104 96 94 97 37 98 192 87 144 151 42 178 144 100 144 15 
93 5 84 61 85 16 193 44 141 86 16 191 14 113 118 45 16 
110 155 4 139 56 186 75 23 39 110 130 165 55 179 187 170 54 195 163 121 29 24 110 25 
122 20 160 188 103 128 131 32 90 108 122 31 10 189 148 159 63 181 122 
48 124 174 168 123 175 107 143 60 
51 158 150 34 35 71 161 136 164 
19 126 47 11 49 36 142 140 38 119 43 
67 134 66 65 64 135 




Evaluación: 2352.34
