53 156 58 40 105 180 26 149 152 53 28 138 111 27 167 132 69 1 28 154 28 
146 89 112 6 183 13 117 95 96 94 147 104 91 46 112 52 127 88 148 190 52 18 
166 118 5 60 83 199 114 82 194 8 166 99 93 98 37 151 59 166 153 166 106 182 166 
137 97 92 100 85 87 42 142 192 193 172 41 97 144 57 2 145 171 74 22 115 15 57 
195 109 12 184 76 116 196 68 150 77 80 29 12 177 134 24 163 121 54 177 
50 176 101 70 122 102 157 3 79 185 129 169 158 55 176 31 189 10 176 30 
21 198 73 110 4 179 155 139 187 197 56 186 39 110 130 72 75 133 110 
84 173 17 125 45 174 61 16 141 44 17 113 119 86 191 113 14 140 38 43 14 
51 9 81 33 78 164 135 120 35 34 136 71 103 20 188 131 164 161 66 
123 19 48 124 47 36 168 143 175 
128 160 108 162 62 7 159 11 90 
170 165 178 23 25 32 126 107 
67 63 64 49 65 181 




Evaluación: 2450
