27 146 53 112 147 89 6 183 94 95 13 40 91 112 28 111 138 154 111 
167 69 162 101 132 176 190 52 127 88 106 7 70 167 1 50 76 102 196 184 157 50 
180 105 156 26 149 195 109 177 12 152 55 105 137 58 2 178 87 144 57 137 
97 151 92 59 99 96 37 98 100 193 93 173 46 97 172 42 117 115 104 5 118 166 83 97 
18 60 199 114 8 174 125 45 84 153 194 36 18 182 31 62 148 159 123 182 10 189 182 
179 110 4 198 21 155 72 74 197 75 73 110 54 165 139 39 56 186 133 110 
82 48 124 47 19 107 168 143 11 126 175 49 124 108 63 181 124 17 
85 16 141 191 44 119 14 192 61 113 142 16 86 140 38 15 86 43 
33 81 185 79 158 77 3 116 129 121 78 34 120 51 185 80 68 169 29 150 163 134 24 185 
122 20 128 160 131 30 90 32 188 35 
145 171 41 130 187 23 170 25 9 
164 161 103 135 71 65 64 
66 136 67 22 




Evaluación: 2463.41
