27 146 112 53 105 28 156 154 111 138 12 109 177 150 28 
167 132 69 127 52 31 190 101 1 162 88 7 46 167 89 183 147 89 94 6 96 99 89 
13 117 97 95 92 37 98 93 151 104 59 58 13 152 137 2 178 144 172 57 13 
40 149 26 180 21 72 197 198 73 171 22 75 74 73 115 133 145 73 
18 153 106 194 166 118 60 5 173 83 91 18 82 48 124 47 36 124 8 174 125 45 124 
195 184 116 76 77 196 80 179 130 110 54 195 4 139 155 55 25 170 187 39 165 56 195 
50 157 185 79 102 33 3 158 129 169 121 24 50 68 163 134 29 50 
70 176 30 20 128 160 32 90 131 188 122 10 126 64 30 189 30 51 103 9 81 
182 62 148 159 108 123 175 19 11 17 182 114 168 107 63 143 181 49 182 84 
199 85 100 193 61 113 191 119 43 
41 87 192 14 42 44 16 86 78 15 
142 38 140 141 120 164 35 71 
34 135 136 65 66 186 67 23 
161 



Evaluación: 2505.61
