112 146 53 28 156 27 111 176 69 132 167 127 52 153 7 28 154 138 12 28 
13 137 152 58 40 105 26 149 195 2 115 117 137 183 95 137 94 137 87 172 97 87 144 
89 147 166 6 96 104 99 93 59 92 98 60 173 91 17 89 18 118 199 18 106 182 88 148 159 18 
50 102 157 33 185 129 79 77 116 76 3 50 184 196 158 68 50 
180 179 110 155 197 4 72 198 73 74 133 56 110 21 178 171 22 75 21 
177 80 134 150 163 24 54 130 55 109 165 25 139 186 46 177 29 121 78 169 164 120 81 34 35 177 
1 70 122 101 31 162 190 189 108 10 90 126 122 20 128 188 122 30 51 161 
85 100 193 191 16 141 61 151 119 192 85 37 42 142 14 44 86 84 85 
57 41 23 39 170 67 145 5 114 8 125 45 83 124 
48 194 62 107 11 19 168 123 
174 113 82 36 47 49 143 63 
9 135 136 103 66 71 65 131 64 175 
15 43 38 140 187 181 32 160 




Evaluación: 2356.56
