53 156 105 40 58 112 183 94 53 27 28 138 26 149 195 109 154 28 
146 52 89 147 96 6 95 97 151 37 98 92 104 99 93 91 89 167 127 167 69 167 111 176 132 176 
180 198 73 21 152 72 74 22 171 75 197 41 55 46 21 13 87 137 2 115 137 117 137 59 137 
12 76 196 77 116 80 150 184 177 54 165 24 12 68 163 12 179 110 155 4 110 
18 166 118 83 199 8 174 125 60 84 17 45 166 153 194 82 114 7 106 88 148 166 
50 157 185 79 129 3 102 33 81 158 50 1 101 70 162 190 122 31 10 189 51 1 30 
144 57 145 178 15 172 142 43 14 192 100 191 193 145 133 56 23 139 186 170 39 145 
182 62 19 175 11 107 123 48 36 143 182 108 159 63 32 90 182 
85 16 141 119 86 44 173 61 5 38 16 113 124 49 47 49 
160 131 128 20 188 103 9 120 136 
25 130 187 67 134 29 78 164 135 
161 71 66 65 169 34 121 42 35 
64 126 181 168 140 




Evaluación: 2496.17
