27 146 112 156 89 183 147 94 95 117 137 6 17 112 28 53 152 40 105 53 
167 69 176 1 132 127 190 52 153 18 166 199 167 31 101 122 162 88 167 111 
13 58 2 178 144 87 97 59 92 96 91 13 151 99 98 93 85 13 180 
12 138 26 154 184 76 116 196 109 24 12 149 198 73 21 171 72 21 
179 110 4 197 155 130 195 165 25 55 54 177 110 75 133 74 22 41 186 39 187 75 56 23 75 
5 60 118 83 173 84 61 16 141 193 7 5 100 192 119 191 37 113 86 104 5 
182 194 148 106 82 123 62 159 189 90 46 182 10 108 63 126 11 107 19 175 124 182 
50 102 33 185 157 158 79 77 3 150 121 50 80 163 29 169 129 68 78 81 120 20 
70 51 9 161 188 160 128 30 103 71 135 35 65 131 136 71 34 
145 15 57 42 172 43 14 44 140 115 142 38 45 
174 114 125 168 36 47 32 
48 8 49 64 66 164 
143 181 134 139 67 170 




Evaluación: 2387.95
