53 156 105 58 40 180 149 26 138 109 53 28 27 112 147 6 183 94 112 
89 166 18 153 52 194 82 114 8 199 118 60 83 84 18 167 69 162 132 176 1 167 
111 76 116 77 184 196 3 158 129 79 55 17 111 146 127 190 101 31 88 182 146 13 
137 152 2 178 115 144 57 87 97 92 117 99 24 137 96 95 151 37 100 91 193 93 59 137 
12 154 80 150 195 179 54 177 130 163 46 90 12 198 73 171 21 73 74 133 22 73 72 75 
50 33 185 157 102 81 120 164 169 78 185 121 29 34 135 35 161 71 103 185 
110 197 155 4 56 139 187 39 23 145 41 197 186 170 67 165 25 68 9 197 
5 61 173 104 98 16 113 86 191 44 192 119 173 125 173 85 42 14 142 85 
122 30 70 10 159 62 148 189 160 128 20 70 106 7 108 126 63 131 181 32 51 70 
174 45 124 168 47 123 19 175 64 
188 66 65 134 48 11 136 
43 15 172 141 38 140 107 49 36 143 





Evaluación: 2421.89
