112 53 28 111 138 26 105 58 146 27 132 1 69 27 52 127 88 31 70 101 
13 137 40 21 149 12 116 68 77 76 50 3 129 80 150 109 130 55 78 
94 95 117 87 2 144 97 37 98 92 104 99 93 59 96 6 42 15 87 115 73 57 142 87 
106 18 60 118 5 83 84 17 45 125 89 46 18 82 48 7 147 7 148 
110 54 134 24 29 121 72 4 139 25 56 74 41 91 110 22 145 75 39 67 79 34 35 90 110 133 23 110 
85 100 61 141 16 44 86 119 14 140 113 114 
102 51 33 9 81 120 122 20 126 36 
30 10 108 62 107 19 11 63 64 
128 32 131 103 71 135 136 65 66 
43 38 8 124 123 143 47 49 


Evaluación: 1940.9
