53 28 111 138 26 105 27 146 112 89 6 94 147 18 60 99 92 17 
13 117 137 40 149 12 116 76 50 1 69 132 101 70 31 122 102 3 1 52 
127 106 82 48 7 62 148 10 90 126 88 19 107 123 47 11 46 
96 95 97 59 98 37 93 85 91 100 144 2 97 104 5 87 42 14 142 43 57 15 97 
109 80 68 77 79 121 134 130 54 109 150 129 78 81 9 33 51 120 135 34 109 21 
58 72 73 74 133 41 145 115 75 22 56 139 4 55 25 74 23 67 110 24 29 24 39 
83 84 61 118 114 45 113 8 119 
30 108 131 32 20 66 103 71 36 
141 86 16 125 44 38 140 
143 49 64 128 136 65 35 63 124 


Evaluación: 1851.35
