112 146 28 27 111 132 50 1 69 138 76 116 77 3 129 102 78 111 105 26 40 58 
89 6 147 94 13 117 95 97 59 104 89 53 52 127 31 101 88 
137 87 144 2 42 142 115 145 57 37 98 93 92 99 96 100 44 91 144 21 72 73 149 12 80 150 12 
106 82 114 8 125 84 83 60 118 45 17 18 46 36 143 90 114 7 48 
5 85 16 141 119 61 14 38 86 140 113 14 43 74 22 75 74 
109 68 54 110 134 24 29 121 130 25 55 33 136 109 70 10 108 32 131 122 20 128 103 70 30 51 
4 139 133 23 56 39 67 
81 9 135 35 120 34 79 148 
62 11 19 47 107 126 64 63 123 15 41 
71 65 66 124 49 


Evaluación: 1928.72
