27 28 53 58 40 105 146 52 112 6 147 94 117 97 95 13 
111 138 26 12 76 50 102 33 3 116 77 68 150 80 121 109 
127 132 1 69 88 106 7 148 31 101 70 10 30 127 62 108 126 32 131 90 11 107 63 108 
89 96 59 92 104 98 93 99 37 100 61 91 5 42 96 137 115 2 57 87 142 14 119 141 16 17 137 
18 83 114 82 8 124 46 48 123 19 47 36 125 82 118 82 60 45 82 85 
73 72 21 110 149 54 134 24 29 129 81 79 130 25 55 145 149 74 75 56 4 133 139 4 
122 20 128 66 103 9 51 120 135 78 
41 22 23 39 15 44 113 84 140 
43 38 144 86 143 64 49 71 136 
34 35 65 67 


Evaluación: 1921.21
