112 27 53 105 58 13 94 95 97 87 117 6 96 92 99 37 42 91 17 
146 28 26 149 138 111 76 77 116 3 129 50 1 132 101 69 12 80 150 29 24 78 76 109 40 
52 89 18 147 60 5 84 114 82 7 88 148 127 70 46 18 106 48 
21 72 73 74 133 75 56 41 115 22 23 139 4 25 55 74 145 2 57 145 15 43 144 59 104 98 100 93 144 
31 108 62 123 107 11 126 10 19 143 49 64 47 36 124 11 90 32 63 131 128 90 
83 118 8 125 45 85 61 83 113 141 119 16 137 
102 33 81 9 51 103 120 20 
130 54 134 121 79 68 110 34 
30 66 135 35 122 71 65 136 142 38 
86 140 14 39 67 44 


Evaluación: 1930.45
