27 53 112 147 89 6 94 117 13 137 95 97 96 17 112 28 146 111 132 1 101 69 50 111 105 58 
138 26 149 40 73 72 110 4 139 39 21 115 74 133 75 21 2 57 145 21 12 109 
52 127 31 70 122 51 33 81 79 78 34 129 120 135 71 35 103 20 
116 68 77 76 150 3 80 121 29 24 130 25 55 41 42 91 116 134 102 9 136 65 66 
18 60 5 118 114 82 106 83 45 46 18 104 93 99 92 37 100 59 84 8 48 18 7 62 
144 98 85 61 87 15 43 14 119 38 144 16 44 141 86 140 125 142 16 
148 88 108 90 126 63 10 30 32 128 56 
123 47 124 107 143 49 36 11 131 64 
19 22 23 67 54 113 



Evaluación: 1959.77
