112 53 28 111 138 105 58 40 146 89 147 6 94 89 27 52 
137 13 117 87 95 96 104 59 93 99 37 98 85 100 92 17 91 46 96 60 83 5 96 18 
26 12 76 77 68 80 116 150 3 50 33 81 129 76 69 101 1 132 109 149 54 76 79 78 76 
127 31 148 7 88 106 114 125 45 8 124 82 118 16 114 48 19 
21 110 4 130 24 134 55 39 56 74 72 75 133 41 73 115 145 22 75 2 144 15 43 57 139 67 75 
70 30 20 122 10 90 32 108 131 51 9 120 103 122 102 34 135 136 65 66 71 
84 97 142 119 14 44 61 113 42 140 38 36 
141 86 62 11 107 47 143 
25 23 29 35 121 128 126 63 123 64 49 



Evaluación: 1916.89
