112 27 53 58 105 40 28 138 111 132 50 1 101 69 127 146 76 80 111 12 109 
26 149 21 73 72 74 133 41 22 75 145 115 144 2 56 23 57 74 110 54 110 
52 89 94 95 97 13 137 87 6 117 92 37 59 104 99 93 98 87 96 118 147 85 96 
18 83 5 61 84 17 113 60 86 16 141 91 100 14 113 45 125 46 124 47 113 
116 77 150 134 3 68 129 33 81 78 24 55 116 121 29 79 34 120 9 51 102 116 130 139 
88 31 148 106 114 8 7 48 19 107 11 62 123 82 114 
4 42 15 43 142 140 44 119 122 30 70 20 128 136 
25 67 39 103 71 66 131 126 64 36 
135 35 65 10 90 63 49 143 38 
32 108 


Evaluación: 1939.96
