27 146 112 89 53 105 26 138 28 111 69 132 101 70 1 50 102 
58 13 117 97 95 94 147 96 6 99 104 59 98 37 93 91 100 60 46 
137 40 21 72 74 133 75 22 73 56 41 145 57 115 2 87 92 15 74 4 110 12 76 77 3 116 80 68 76 
149 54 109 150 130 134 55 24 25 139 39 129 78 149 52 18 106 88 148 62 31 
144 42 142 14 141 16 61 85 118 83 5 17 84 119 
122 30 20 103 9 81 33 120 135 35 136 65 34 79 51 128 90 
127 7 48 124 47 123 19 11 126 36 
108 32 63 107 82 8 125 44 
113 45 114 86 43 38 140 29 10 
66 71 131 143 64 23 67 121 
49 

Evaluación: 1951.52
