112 27 53 105 58 146 52 28 138 111 69 101 132 1 76 50 3 77 
26 12 109 149 21 73 72 74 75 22 41 145 56 139 4 110 133 2 42 92 
89 147 6 94 95 96 59 99 104 98 91 84 89 13 137 87 144 117 97 37 85 60 97 
40 127 88 106 82 114 8 83 118 5 125 18 45 46 36 114 124 7 
116 150 80 68 129 79 121 29 24 130 54 55 25 78 116 33 102 81 51 122 
70 30 31 10 62 148 108 90 63 32 128 20 103 31 126 131 11 19 123 107 48 31 
57 15 43 142 14 119 141 44 16 93 
100 115 23 67 134 39 35 17 
120 34 9 135 66 65 136 71 64 
47 143 61 140 38 113 86 
49 

Evaluación: 1908.63
