111 27 146 176 50 76 68 158 129 188 111 160 131 32 66 181 164 111 
28 156 53 154 195 149 54 134 78 28 139 25 170 72 67 39 28 
167 69 162 31 189 108 10 159 90 63 167 123 168 36 44 65 23 167 
26 105 40 198 110 4 21 73 74 75 133 56 26 86 
137 58 117 94 6 96 2 171 22 41 186 187 137 
52 127 88 62 7 153 174 46 124 48 19 52 107 143 47 52 
18 89 147 118 83 199 5 17 113 18 175 64 49 18 
87 144 57 178 115 172 15 145 42 14 192 191 197 57 
166 112 60 84 173 99 193 85 91 140 43 38 166 
179 180 138 109 177 80 163 150 130 165 20 126 
13 152 183 97 95 59 142 
182 148 190 184 12 116 77 24 55 
82 194 106 8 114 125 45 100 119 
70 132 1 102 157 185 121 29 169 35 128 11 
30 101 122 196 3 79 103 71 135 
61 93 104 151 37 92 98 16 141 155 
51 33 81 120 9 161 136 34 
Evaluación: 2895.28
