28 156 53 40 180 12 3 79 185 78 29 24 28 48 143 181 
167 69 162 127 132 101 108 10 190 123 36 167 72 186 23 167 
111 27 176 138 154 196 68 121 111 81 34 135 9 164 139 111 
13 137 58 94 97 59 151 92 37 193 191 55 137 
166 112 89 60 83 147 199 17 5 45 19 166 113 140 86 113 
26 105 149 198 110 4 155 197 75 41 26 133 187 170 26 
52 153 194 148 62 159 11 175 107 64 52 168 47 49 52 
179 195 54 177 109 150 80 134 163 25 130 179 39 35 65 179 
144 57 2 115 172 15 42 142 14 119 43 44 145 67 57 
18 146 152 178 73 21 171 22 74 
70 122 1 76 116 77 158 169 129 161 165 
182 7 106 88 31 189 63 32 126 124 
82 114 8 174 125 84 85 46 
30 160 128 20 131 90 188 66 71 
87 117 95 183 96 6 98 100 192 38 56 
61 173 118 104 99 93 16 141 91 
51 33 157 102 184 50 120 103 136 
Evaluación: 2855.79
