167 146 27 127 190 88 159 11 63 64 143 167 81 164 34 65 135 103 167 
111 53 156 89 76 196 184 77 150 54 111 130 134 165 23 67 111 
13 112 183 117 97 151 98 100 37 14 55 78 13 
52 28 105 195 109 138 3 158 129 169 79 121 28 
166 147 60 83 114 8 174 125 46 193 140 166 45 141 49 166 
18 6 96 99 93 104 85 91 191 86 18 131 66 161 18 
26 154 12 80 68 116 102 51 24 26 163 25 39 26 
87 144 57 178 115 172 42 15 142 2 4 187 170 57 
70 69 101 162 31 10 30 108 160 36 70 181 188 71 181 
182 148 62 7 153 199 17 113 16 38 
137 152 180 58 95 94 59 
179 149 40 21 198 73 197 75 171 
122 132 176 1 157 50 185 33 120 9 136 
145 41 22 133 74 72 56 110 155 139 186 
61 173 118 84 5 92 192 119 44 43 29 
82 194 106 123 107 175 126 32 90 177 
48 124 47 168 19 189 128 20 35 
Evaluación: 2843.98
