28 53 105 154 184 196 116 77 150 28 68 120 161 71 164 28 
167 146 27 132 31 190 157 158 3 51 24 167 160 103 135 66 65 181 167 
26 138 12 149 195 54 134 163 109 129 26 21 186 75 170 26 
111 156 176 50 1 76 80 177 121 29 34 9 111 
52 127 88 159 62 123 47 124 46 32 52 174 49 198 52 
137 13 94 117 183 96 98 151 100 14 43 165 13 
166 112 147 118 83 60 173 84 17 36 63 20 166 
179 180 40 110 155 130 55 25 4 139 39 179 187 67 23 179 
87 144 178 2 172 142 42 37 193 86 38 140 144 
18 153 194 6 99 93 85 61 16 
70 69 162 102 33 81 79 185 78 169 
182 106 89 59 92 97 5 191 119 
82 114 8 125 45 199 91 192 141 15 136 
57 58 152 115 95 104 44 113 73 64 
145 41 171 74 22 133 72 197 56 35 
122 30 101 10 189 90 108 126 131 188 128 
48 7 148 11 19 175 168 143 107 
Evaluación: 2876.74
