167 27 146 127 190 10 189 126 63 32 35 167 160 188 103 164 65 66 167 
13 156 94 95 97 151 193 191 91 15 43 41 13 71 86 
26 105 53 152 40 198 73 74 133 109 24 136 26 
111 138 154 12 76 196 158 3 129 29 111 169 34 81 34 
28 132 1 50 184 77 80 150 134 163 121 78 128 28 
52 112 183 6 104 59 61 85 52 19 107 123 49 181 131 52 
166 147 60 118 5 84 173 113 17 38 166 171 23 39 166 
18 153 106 83 199 8 174 48 124 143 64 36 18 
179 195 54 149 110 21 155 4 165 170 179 161 135 120 179 
137 58 180 117 87 172 37 42 142 22 192 
144 57 2 96 93 99 16 141 44 175 
70 162 69 116 68 177 130 55 25 67 
182 148 88 159 62 108 90 11 20 
122 176 101 102 185 79 157 51 33 9 
82 194 7 114 125 45 168 47 46 
145 178 115 72 197 56 186 75 139 
30 31 89 92 98 100 119 14 140 187 
Evaluación: 2862.76
