28 156 112 154 76 116 3 79 129 28 62 123 107 124 113 38 28 
111 27 167 1 50 157 185 81 120 29 111 20 66 103 161 135 71 111 
26 138 12 109 177 180 150 80 68 34 26 159 175 19 143 164 39 26 
13 53 152 94 95 92 96 5 93 13 48 168 47 136 181 65 48 
166 146 18 83 60 147 173 17 125 174 106 7 119 166 
137 117 97 59 99 104 100 193 191 44 61 15 137 
179 149 195 54 110 4 165 25 55 170 67 36 179 
144 178 2 42 142 43 14 172 91 86 140 192 144 
70 69 132 31 10 189 108 90 32 131 63 70 11 64 49 70 
182 88 190 148 127 183 176 46 
122 101 162 102 196 184 77 158 121 
87 58 105 21 198 40 22 186 139 
57 115 73 72 133 75 23 41 197 
52 89 6 151 37 98 85 16 141 
82 194 153 114 199 118 84 45 8 126 
30 160 128 188 51 33 9 78 169 35 
145 171 74 56 155 130 134 24 187 163 
Evaluación: 2916.81
