28 156 112 89 154 12 177 80 116 28 81 164 120 66 71 32 28 
111 27 132 176 138 196 184 3 102 111 9 103 161 181 49 38 111 
13 137 53 117 94 96 104 100 37 142 14 141 137 75 65 67 137 
52 146 167 153 190 127 108 90 126 63 11 36 52 
166 147 6 99 59 92 85 118 46 166 175 107 19 166 
26 105 180 149 198 110 109 134 150 121 24 136 26 
179 195 54 130 155 4 165 139 55 25 29 78 64 179 
87 97 95 183 172 42 15 192 193 91 86 87 23 34 135 34 
70 162 69 31 10 189 30 160 128 35 70 131 188 20 70 
18 60 83 114 8 125 113 5 17 140 43 
144 178 115 73 171 133 186 56 187 
182 88 148 62 159 7 123 168 143 
82 106 194 152 2 21 101 33 157 169 51 
122 1 50 76 77 158 129 185 79 68 
145 41 22 72 74 197 39 170 163 
57 58 40 151 98 93 191 44 119 16 
61 173 84 199 45 174 124 48 47 
Evaluación: 2895.15
