28 53 138 154 12 184 196 76 150 17 28 81 9 120 164 35 65 28 
13 156 112 183 6 94 59 99 37 13 39 67 23 134 71 143 13 
111 27 146 1 69 50 77 116 3 68 158 78 111 34 
26 149 179 195 105 109 177 54 130 80 24 26 163 170 169 26 
52 167 132 127 31 148 189 10 90 181 33 121 167 
18 166 89 147 60 118 104 96 5 124 36 166 47 64 49 166 
144 178 2 115 172 97 42 43 193 15 72 187 144 
87 137 58 117 151 92 85 93 91 38 155 165 137 
122 101 30 160 131 32 128 51 103 135 122 161 66 188 122 
182 7 194 176 102 157 185 79 55 
70 162 190 159 62 88 108 20 129 
57 152 40 21 73 180 110 198 197 4 
82 153 106 83 114 174 45 46 95 29 
61 173 84 199 8 125 113 86 191 140 
145 171 74 133 22 41 75 186 56 25 139 
48 168 123 19 107 11 126 63 175 136 
142 14 119 192 100 98 141 16 44 
Evaluación: 2856.29
