111 27 167 176 132 50 102 196 77 111 68 177 134 34 135 65 111 
28 156 112 154 138 184 116 3 80 24 28 197 56 4 169 136 67 28 
26 105 149 40 152 58 21 72 74 110 25 78 26 
13 53 137 94 95 183 118 173 46 13 186 23 187 13 
18 89 166 60 83 199 8 114 174 19 113 18 121 81 9 18 
87 97 92 151 117 59 100 193 192 15 43 38 140 87 
179 180 195 109 54 130 165 155 198 150 179 139 170 39 179 
52 127 190 162 153 31 90 63 126 181 52 160 161 71 52 
70 146 69 189 10 108 32 131 188 66 70 29 164 35 70 
182 148 62 159 88 106 5 42 55 
57 144 2 147 99 93 84 125 45 185 
82 194 7 123 175 11 107 143 49 64 
122 1 101 30 20 128 51 157 33 120 103 
61 85 98 104 96 37 191 86 17 129 
145 178 115 73 171 22 41 75 133 
48 124 168 36 47 6 76 158 79 
142 14 119 44 141 91 16 172 12 163 
Evaluación: 2906.12
