28 53 154 184 76 138 80 3 79 9 28 130 34 120 65 28 
13 137 112 183 94 95 85 91 42 137 38 23 67 137 
26 105 40 152 21 198 110 4 139 165 55 186 26 
167 146 127 190 176 50 33 81 185 51 136 167 160 128 131 167 
52 156 27 153 83 118 199 8 174 124 52 19 175 47 52 
111 132 1 157 102 196 68 121 129 36 111 188 161 135 111 
166 147 6 96 59 92 93 61 193 44 43 166 20 103 66 166 
87 117 97 151 99 104 172 192 191 113 86 87 32 71 107 87 
144 178 2 73 74 72 75 15 14 140 142 144 181 49 143 
179 149 180 109 195 54 134 163 24 
182 7 194 148 159 62 123 168 17 
18 60 89 5 173 84 125 45 46 48 
122 30 69 116 12 177 155 187 25 170 
57 115 58 37 98 100 16 141 119 114 
70 162 31 189 10 90 108 63 126 11 64 
82 106 88 101 77 158 29 169 78 164 35 
145 41 22 133 171 197 56 39 150 
Evaluación: 2884.22
