112 156 89 60 118 83 199 8 114 124 123 112 48 168 107 64 66 48 
53 28 111 196 76 3 81 129 185 161 71 111 63 181 19 111 
146 52 127 190 31 101 189 62 106 148 52 47 113 86 52 
167 27 69 70 10 108 159 90 126 32 128 188 27 
105 152 180 58 178 144 172 57 15 192 105 141 44 16 105 
13 137 94 151 95 92 100 98 85 42 119 137 14 142 140 142 
176 132 162 122 30 51 9 103 20 160 131 36 176 
166 6 96 59 104 99 84 17 45 125 61 37 38 166 
149 138 26 110 155 130 55 25 139 170 134 149 23 49 65 
1 154 195 54 179 4 187 186 165 
12 177 150 80 68 77 78 164 136 35 
50 157 33 102 158 79 163 24 72 
109 184 116 121 29 169 120 34 135 175 
18 153 194 7 88 182 82 174 46 143 11 
40 183 147 5 173 93 91 193 191 
87 97 117 2 115 145 171 41 56 67 75 
198 73 21 74 133 22 197 39 43 
Evaluación: 2711.49
