112 156 146 152 96 99 193 191 44 14 43 55 112 67 
28 53 27 162 31 190 70 108 90 10 30 36 27 
105 26 149 21 72 197 74 22 56 39 57 165 164 103 20 197 
111 154 138 77 158 3 129 169 185 120 111 160 128 188 
89 147 183 118 5 60 173 61 17 84 89 85 113 86 
167 69 132 88 127 148 48 123 107 175 136 167 19 32 64 19 
52 153 194 182 82 114 8 125 45 52 161 71 35 71 
13 94 95 104 98 93 172 42 37 16 142 13 66 65 49 
180 40 58 178 115 73 198 75 186 121 9 15 40 
176 1 101 122 51 157 81 33 78 79 135 
137 117 6 166 83 199 174 46 47 168 143 124 131 
18 106 7 62 189 159 11 126 63 181 
12 195 179 110 4 155 187 139 170 
50 102 76 196 150 68 163 29 
109 184 116 80 177 54 134 24 130 34 
97 151 59 92 100 91 192 119 141 38 140 
87 144 2 145 171 133 41 23 25 
Evaluación: 2739.59
