53 156 58 115 178 57 15 42 192 86 140 53 171 67 62 47 49 64 53 
146 27 28 76 116 77 129 33 9 188 66 131 11 28 161 143 181 
105 26 149 177 150 163 24 165 187 139 23 25 136 65 128 177 
89 147 6 99 96 95 100 85 91 84 83 36 89 
167 132 69 127 162 70 31 10 189 190 90 167 114 125 174 167 
112 152 137 92 151 59 173 61 16 44 43 112 48 168 124 48 
40 154 12 68 80 130 55 170 56 145 40 19 175 123 19 
111 138 184 3 196 158 29 34 135 71 111 107 63 159 111 
13 117 97 104 93 37 142 14 191 38 45 8 13 
52 18 153 7 182 148 88 194 106 82 126 
166 183 94 118 60 5 199 46 
180 195 109 4 155 197 133 186 17 
176 1 101 122 30 20 160 32 108 
87 2 144 172 98 193 119 141 113 
198 21 73 74 72 110 75 22 41 39 
179 54 134 121 169 79 164 35 78 
50 157 102 185 81 120 103 51 
Evaluación: 2691.97
