53 105 28 196 77 116 33 51 81 164 35 55 28 135 181 32 28 
146 156 27 31 148 182 153 82 88 46 36 146 62 10 108 65 67 170 146 
89 6 147 104 59 93 193 91 61 173 17 113 89 
167 132 176 127 194 106 48 123 7 189 167 159 11 19 167 
112 152 58 115 57 87 73 197 133 25 136 112 119 107 175 112 
26 138 12 80 68 3 150 134 24 121 29 26 174 49 143 
111 69 101 154 102 157 78 169 185 163 9 111 188 161 66 
13 94 117 37 92 96 191 16 44 14 38 145 13 
180 40 149 110 155 4 139 56 39 187 34 71 128 110 
137 2 178 144 42 172 15 43 192 86 140 
52 18 60 83 118 84 125 45 114 
166 183 99 98 100 85 141 
195 109 177 54 130 179 171 41 142 
1 162 190 70 122 30 160 131 90 63 126 
97 151 95 5 199 8 124 47 168 64 
50 76 184 158 79 129 120 103 20 
198 21 72 74 22 75 186 23 165 
Evaluación: 2716.05
