27 53 156 95 117 94 98 99 85 91 14 53 108 189 11 107 49 32 53 
28 111 176 127 190 70 122 30 51 9 103 20 71 176 160 136 65 
112 89 147 96 93 104 100 192 119 86 140 46 89 64 181 161 
105 58 152 2 178 115 144 87 172 60 105 188 128 66 
13 137 146 18 83 118 199 114 82 8 45 174 18 
40 180 138 116 77 68 185 78 169 34 121 135 180 
52 153 106 7 182 194 48 124 168 143 52 19 175 47 19 
26 195 149 150 163 54 187 39 186 43 44 38 15 149 
166 6 183 5 173 61 84 17 113 125 36 63 166 
167 132 69 88 31 10 159 62 126 
1 162 101 102 157 33 120 81 90 
12 184 76 158 3 129 79 164 35 
50 196 154 130 165 55 25 170 133 
97 92 59 151 37 193 16 191 141 
109 80 177 134 29 24 139 56 23 67 
21 73 171 74 72 75 41 57 42 148 123 
198 179 110 155 197 4 145 22 142 131 
Evaluación: 2650.12
