27 156 167 127 194 153 182 7 83 124 36 64 27 169 161 65 
53 112 89 6 94 95 96 93 98 192 119 44 38 89 160 32 181 160 
105 28 111 184 116 196 157 129 79 30 20 131 111 
26 154 149 54 179 4 165 55 187 186 42 126 26 
13 117 137 183 99 104 100 85 91 191 140 172 13 
146 52 147 118 106 82 8 114 199 45 52 168 47 174 52 
176 132 101 122 70 50 81 120 164 135 176 128 66 71 
166 18 60 5 173 61 193 16 141 14 142 18 86 48 49 
40 58 152 110 155 130 134 25 170 136 40 23 67 39 
180 138 12 76 102 33 78 29 34 35 
1 162 31 10 189 108 90 63 11 19 
195 109 80 163 121 3 51 9 103 188 143 
21 198 72 197 74 171 22 41 56 
87 97 151 92 37 59 84 125 17 123 
88 190 69 148 159 62 107 175 46 
177 68 150 158 77 185 24 139 75 
73 115 2 144 178 145 57 15 43 133 113 
Evaluación: 2714.57
