27 156 112 94 6 183 99 93 37 24 55 27 61 5 125 140 38 14 5 
146 28 111 184 196 76 158 177 121 163 187 155 111 23 39 128 
89 147 166 118 60 83 199 114 82 84 89 174 45 36 174 
167 53 152 2 57 145 115 133 41 15 142 192 44 64 53 
13 137 117 92 59 104 98 85 193 191 119 96 137 
105 26 138 179 130 54 165 25 4 134 67 26 16 113 86 
52 127 31 182 62 159 189 90 63 52 175 66 181 52 
40 180 58 73 171 22 110 75 56 172 43 141 180 
176 69 132 70 10 148 108 160 32 126 131 176 161 65 136 
12 154 195 116 68 3 29 129 91 
18 153 194 7 123 107 11 19 143 49 
149 198 21 72 74 197 186 139 170 
1 162 101 122 30 20 188 51 120 103 
50 157 102 33 185 81 78 34 135 8 
109 80 150 77 79 169 164 35 9 71 
88 190 106 48 124 168 47 46 17 
87 144 178 95 151 97 100 42 173 
Evaluación: 2712.84
