53 156 112 94 96 59 92 99 98 61 46 53 48 124 168 47 161 181 124 
27 146 167 101 122 30 160 128 20 108 63 131 107 167 38 65 64 167 
105 58 40 152 2 57 172 178 72 41 15 55 105 
28 154 138 77 158 3 79 29 169 136 165 28 19 49 143 
13 117 97 95 151 37 100 192 193 141 191 13 142 14 140 14 
111 176 132 69 157 185 120 51 9 188 32 36 176 
52 89 183 118 5 60 83 125 17 42 25 89 44 86 113 89 
26 195 149 179 110 155 4 56 75 130 170 54 67 110 
180 198 21 171 73 197 133 186 23 74 43 119 21 
12 177 150 68 121 163 24 134 184 
137 87 144 115 145 22 139 187 39 
166 6 147 104 93 85 91 16 173 
1 162 31 148 62 10 189 90 126 175 
50 76 196 102 33 81 34 103 
109 80 116 129 78 164 35 135 71 66 11 
88 127 190 70 159 182 82 7 84 
18 153 194 106 114 199 8 174 45 123 
Evaluación: 2720.26
