53 112 156 94 95 59 87 142 43 145 112 141 48 168 49 19 181 112 
27 146 28 116 3 77 158 79 169 120 35 34 28 65 170 67 
111 138 154 177 80 68 150 163 165 55 25 121 111 
105 152 58 115 178 144 171 22 110 105 160 66 188 
89 6 183 99 104 98 61 85 193 153 36 17 89 
26 149 195 54 130 179 197 74 4 186 23 41 195 
13 117 137 57 172 2 15 42 119 14 192 86 113 13 
40 180 21 72 73 198 155 187 56 133 75 39 139 135 198 
176 132 101 30 122 102 51 103 161 126 176 107 175 47 176 
52 127 31 148 62 159 7 182 46 
166 60 118 83 199 8 114 174 124 
167 190 162 88 106 194 82 123 90 
18 147 96 37 100 91 191 44 16 140 38 
1 69 70 189 108 10 63 32 131 20 136 128 
109 184 196 157 33 185 129 78 164 11 
97 92 151 93 5 173 84 45 125 143 
50 76 12 134 24 29 81 9 71 64 
Evaluación: 2585.75
