27 53 112 96 59 92 85 193 91 191 141 42 112 86 38 165 86 
146 156 167 132 31 162 148 62 189 90 146 8 48 47 64 35 160 146 
105 152 58 115 57 145 15 172 100 142 140 155 105 65 161 
28 111 138 177 150 80 163 121 81 51 164 88 111 
89 6 183 104 151 99 61 5 114 45 36 89 107 175 11 89 
26 180 40 110 72 74 186 23 39 170 67 130 72 
176 1 69 70 122 102 101 30 20 131 108 10 63 1 
52 127 190 106 153 194 182 7 123 126 52 159 32 181 52 
166 147 18 83 199 118 125 174 46 166 168 143 49 166 
137 13 117 93 98 37 192 119 44 14 82 
12 109 195 196 158 3 78 34 135 136 
97 95 94 60 84 173 113 16 17 124 19 
149 154 184 68 77 157 9 55 
87 144 2 178 171 133 56 41 43 
198 21 73 197 75 22 139 187 4 25 
179 54 134 24 29 169 79 120 71 
50 76 116 129 185 33 103 188 128 66 
Evaluación: 2708
