156 53 105 69 70 122 33 3 121 34 135 35 120 103 51 105 
27 146 167 101 88 182 194 106 7 123 62 11 107 143 19 182 
112 183 6 92 104 93 61 84 173 87 145 75 170 64 183 161 
28 111 138 177 150 68 29 157 81 71 136 111 32 66 65 
147 166 60 118 5 83 45 125 46 124 36 126 166 
26 180 58 198 21 73 110 179 155 197 56 187 180 
89 94 13 151 37 98 172 144 42 113 140 38 47 13 
40 154 149 72 74 171 133 22 40 139 25 186 39 67 23 40 
176 132 1 31 148 10 108 159 189 176 160 181 49 
127 190 162 30 20 188 128 131 90 
117 95 97 100 85 193 141 17 119 
137 152 178 115 2 57 15 43 14 142 168 
52 153 18 199 114 8 48 82 174 
12 184 116 196 158 79 169 24 165 41 
195 109 80 163 54 134 55 4 130 63 
96 59 99 91 192 191 86 16 44 
50 76 77 102 185 129 164 78 9 175 
Evaluación: 2575.3
