156 146 53 95 97 87 172 42 144 115 171 41 39 170 67 144 
27 167 69 88 148 182 82 48 168 8 143 36 167 66 65 49 
112 183 147 99 92 151 173 113 17 141 86 44 147 
105 28 154 50 102 33 185 81 157 110 25 55 28 
111 138 76 196 158 77 68 24 165 186 56 111 4 135 71 111 
89 6 94 118 5 84 114 124 46 63 89 32 161 181 
13 117 137 152 178 2 145 57 73 75 197 139 137 
26 180 40 21 58 198 72 74 133 23 22 15 21 
127 31 190 153 83 199 45 174 47 19 125 14 199 
52 166 60 59 85 98 61 16 43 
176 132 162 10 108 159 189 126 90 122 
149 195 179 130 134 54 155 187 
1 101 70 30 20 128 131 160 188 103 136 
96 104 93 37 193 100 91 191 192 140 38 119 
12 184 116 3 79 129 29 78 169 120 
18 106 194 7 62 123 175 107 11 51 64 
109 177 80 150 163 121 34 164 9 35 142 
Evaluación: 2556.57
