53 105 156 152 178 2 73 171 22 75 56 74 156 23 164 66 
146 167 27 31 10 189 108 90 32 160 126 131 181 31 65 135 35 
89 6 94 99 104 151 5 84 17 141 42 15 165 89 
112 147 166 83 114 82 124 48 168 143 49 47 48 
183 95 97 37 93 98 91 16 61 144 43 119 140 38 14 97 
28 111 176 122 30 20 128 188 103 161 120 9 51 34 
13 58 137 115 87 96 172 57 145 186 133 163 13 
40 180 149 21 198 110 155 197 72 187 170 39 71 110 
52 18 60 199 8 125 45 46 123 36 64 113 86 18 
117 92 59 100 193 85 192 191 142 
127 190 88 182 148 159 107 
12 109 195 54 177 150 179 4 139 78 41 
26 154 138 80 134 24 130 55 25 67 
76 196 184 116 158 79 185 33 157 
1 132 69 106 153 118 174 173 44 
50 102 77 68 121 29 169 129 3 136 
101 70 162 194 62 7 19 175 11 63 81 
Evaluación: 2501.43
