27 156 53 154 184 109 198 110 21 197 56 72 53 39 181 49 
112 147 6 151 98 93 193 191 16 141 44 147 19 47 48 63 19 
146 167 28 101 122 51 81 120 33 103 161 35 136 66 65 
105 26 138 116 68 177 130 179 155 165 55 24 26 
183 94 117 97 144 87 42 100 119 86 140 14 38 143 71 86 
13 152 137 115 57 172 15 43 192 145 41 186 23 13 
40 180 58 2 178 73 171 22 75 133 180 170 67 160 
111 132 1 3 79 158 121 29 163 134 74 142 111 
176 69 162 88 182 7 123 107 175 126 11 131 176 
89 52 153 82 194 148 159 90 32 64 
166 18 106 114 83 60 84 199 125 168 124 36 
95 92 59 37 85 91 61 17 113 8 
149 195 12 150 80 54 4 139 187 25 
76 196 77 185 129 169 78 164 135 34 
96 99 104 5 173 118 45 46 174 
127 31 190 10 189 62 108 
50 157 102 70 30 128 188 20 9 
Evaluación: 2520.89
