27 156 53 69 116 196 185 79 121 73 22 75 189 53 
28 154 138 77 68 177 163 29 24 80 57 28 171 170 67 
112 147 183 59 104 37 91 61 141 142 119 86 38 59 
89 146 52 194 153 7 48 82 60 17 124 168 32 128 52 
167 127 31 182 123 107 11 19 175 49 36 47 131 123 
105 26 195 54 179 110 155 139 4 56 39 187 23 186 110 
13 94 6 97 98 151 118 125 8 143 42 15 94 
180 152 149 198 21 72 197 74 133 180 161 160 65 
111 132 1 33 81 157 78 169 164 35 135 111 181 120 
40 58 137 178 115 2 87 172 144 43 140 
166 18 106 114 83 199 174 45 46 108 
176 50 102 3 158 129 34 9 71 136 
12 184 76 109 150 134 130 55 25 165 145 41 
117 95 92 100 193 85 191 192 44 
96 99 93 5 84 173 113 16 14 
101 162 70 30 122 51 103 20 188 66 64 
190 88 148 62 159 10 90 126 63 
Evaluación: 2498.92
