156 112 53 21 73 72 171 133 75 41 145 23 67 171 123 19 11 
27 28 138 196 3 158 121 129 78 169 103 71 128 28 49 175 107 49 
89 146 52 190 101 122 51 102 9 35 188 161 34 65 51 
111 132 1 157 33 81 164 120 135 111 29 66 181 
147 6 94 92 104 98 91 61 16 86 125 46 147 
105 26 154 116 68 150 130 54 4 26 174 113 124 
13 58 137 87 172 57 42 142 119 14 15 38 140 13 
183 96 99 37 193 85 173 60 84 114 45 8 143 96 
40 149 180 198 110 155 197 56 186 139 25 170 32 160 110 
127 31 167 106 182 88 189 90 131 136 
176 69 162 148 159 10 108 62 199 
117 97 151 166 118 83 5 17 191 
95 59 93 100 192 44 141 43 
12 109 177 80 134 163 24 165 55 187 39 
18 153 194 82 7 48 168 47 36 126 
184 76 77 79 185 50 70 30 20 63 64 
195 152 178 144 2 115 74 22 179 
Evaluación: 2555.08
