156 53 112 99 151 92 144 57 42 15 41 145 22 75 23 112 
27 146 167 190 194 182 82 123 48 47 124 190 181 49 161 164 65 
105 152 40 198 21 73 72 171 74 186 17 105 133 187 170 39 139 135 105 
111 28 138 50 157 102 185 33 129 79 71 11 28 67 
147 6 89 60 5 93 61 16 141 173 140 119 147 
26 180 154 116 77 158 150 121 110 56 4 197 180 
183 94 95 97 58 2 115 98 193 86 113 125 97 
176 1 132 122 30 70 160 20 128 131 107 19 1 
13 137 117 37 87 178 142 172 192 38 43 14 117 
52 127 69 148 159 189 10 126 90 175 64 36 
12 184 76 196 68 3 78 34 136 
149 179 109 130 54 134 55 165 155 25 
166 118 83 114 8 174 199 45 46 
18 106 153 88 7 62 108 32 63 168 
195 177 80 163 24 29 169 81 120 143 
162 31 101 51 9 103 188 66 35 
96 104 59 100 91 85 191 44 84 
Evaluación: 2548.16
