53 156 27 101 70 30 128 131 90 108 10 126 63 11 175 159 65 108 
112 89 146 106 153 82 114 8 199 125 124 168 143 64 146 181 103 49 
105 58 40 198 73 171 133 75 74 56 145 105 165 187 39 67 165 
167 28 154 196 77 184 179 54 134 55 28 20 66 32 
147 6 96 151 37 99 173 113 17 48 19 123 147 
13 117 94 118 104 98 191 193 119 86 57 41 94 
111 138 76 116 158 129 78 79 169 34 135 35 111 
26 195 149 21 72 110 155 4 139 197 22 186 23 71 110 
52 18 166 5 84 60 83 174 45 140 38 44 47 107 84 
180 152 183 93 100 91 141 2 46 
137 87 97 172 42 142 14 192 178 15 
127 31 162 132 102 3 29 121 130 
95 92 59 85 16 61 115 144 
176 69 1 51 122 160 188 161 136 
190 88 182 194 7 148 62 189 36 
50 157 33 81 120 185 164 9 
12 109 177 80 150 68 24 163 25 170 43 
Evaluación: 2590.97
