53 156 27 31 182 7 48 124 47 36 49 174 124 161 65 66 
28 111 176 101 70 122 20 128 160 51 81 78 120 164 135 
105 152 58 115 73 198 75 186 110 177 139 105 134 9 131 181 86 
146 112 89 60 118 83 114 199 84 173 45 125 64 89 
167 132 1 30 10 189 63 126 32 188 35 24 167 
147 183 94 59 92 104 98 100 91 44 142 14 38 113 143 59 
40 138 26 2 145 171 22 41 15 43 23 136 40 
52 153 18 106 82 194 123 107 19 11 168 8 18 
180 21 72 197 74 133 56 155 187 39 170 67 74 
127 69 162 102 76 116 3 185 77 163 
137 13 95 97 151 99 61 16 191 140 
149 154 184 68 80 196 150 55 46 
12 109 195 54 179 4 130 165 25 103 
96 6 166 5 93 37 193 141 192 
117 87 144 57 178 172 85 119 42 
50 157 33 79 129 158 121 29 169 34 71 
190 88 148 108 159 62 175 90 17 
Evaluación: 2610.39
