53 156 112 99 93 104 60 98 193 61 17 113 86 112 
28 111 176 162 70 30 51 103 161 188 71 136 65 66 
27 132 167 106 88 148 10 108 159 36 55 27 72 39 170 
146 52 153 194 7 82 48 8 45 62 11 189 153 
89 183 94 87 97 151 85 16 141 191 142 119 97 
13 58 152 2 178 144 57 115 172 42 43 140 13 
147 166 18 83 199 114 174 124 46 19 168 175 47 49 38 19 
105 180 26 177 150 116 121 24 163 155 197 56 75 4 143 177 
137 40 154 198 21 73 171 74 133 22 40 67 23 164 
127 31 190 182 123 107 126 110 
95 96 6 5 84 118 125 173 15 
12 138 184 50 102 157 185 120 
149 179 195 54 134 130 165 25 187 41 
117 92 59 37 100 91 192 44 14 145 186 139 
1 101 69 122 20 160 32 131 90 181 64 63 
76 196 77 3 79 129 169 34 78 128 35 
109 80 68 158 33 81 135 9 29 
Evaluación: 2552.9
