111 156 28 138 12 184 116 196 77 69 111 146 176 111 53 105 180 154 27 111 
167 132 162 127 190 31 88 52 89 153 6 167 112 183 167 1 101 30 70 167 58 167 
26 149 179 110 198 195 109 177 80 68 24 26 152 13 137 117 97 26 76 3 26 40 21 26 
18 60 166 147 96 104 93 85 91 100 17 18 118 83 8 199 114 82 18 
144 87 2 115 172 42 57 15 178 145 171 73 72 87 94 92 59 99 95 151 87 
182 148 62 7 194 123 106 159 189 10 182 48 124 168 47 36 143 124 
51 157 102 33 185 79 81 9 103 78 51 50 158 169 129 164 120 161 51 
142 192 44 119 141 191 16 61 173 84 193 43 142 14 5 113 37 86 140 38 41 98 
25 55 170 187 39 165 139 155 54 163 74 25 134 4 130 197 56 25 186 75 133 67 22 25 
90 32 160 20 128 122 131 126 63 11 175 150 46 
23 125 19 49 107 108 
34 121 135 35 188 136 65 66 71 29 
64 181 45 174 




Evaluación: 2597.38
