167 156 146 127 190 69 162 101 1 132 27 153 167 53 112 147 183 6 52 89 18 106 167 
13 117 137 58 94 96 95 97 151 59 91 60 13 105 40 180 26 149 13 28 
87 152 178 115 144 172 57 42 92 99 104 98 37 173 46 87 100 85 193 93 61 16 87 
111 154 76 196 77 3 184 116 138 24 111 176 50 158 129 169 78 185 157 81 111 
166 118 83 5 84 17 125 199 8 114 166 7 194 182 148 159 62 10 166 
179 109 12 177 195 110 4 130 54 165 25 55 41 179 155 198 21 73 72 74 171 179 
122 51 102 33 79 103 9 120 135 35 51 20 128 188 161 30 131 51 70 31 70 
145 2 22 75 56 133 197 186 39 187 145 142 192 14 43 15 119 191 141 140 44 82 142 38 142 
124 48 47 19 123 107 175 11 63 126 168 36 88 48 174 45 113 143 48 
90 32 108 160 181 189 80 134 
23 170 139 163 121 68 150 29 136 
34 71 65 64 49 86 66 
164 67 




Evaluación: 2615.39
