28 156 53 105 154 26 149 195 150 28 27 146 111 132 69 176 50 138 184 28 
167 127 52 190 31 162 1 101 88 194 7 17 167 112 183 147 89 167 
137 152 13 117 95 97 151 37 92 59 99 91 137 40 2 178 115 87 58 137 6 96 104 98 137 180 137 
18 166 60 118 5 84 199 83 114 174 8 166 153 82 182 62 106 166 
70 30 20 160 128 122 188 103 9 161 30 10 159 148 90 32 108 189 63 30 
179 109 12 54 130 4 155 197 56 110 21 55 179 73 198 74 72 171 22 179 80 134 177 179 
57 144 94 172 142 43 14 42 15 100 85 144 193 192 191 44 141 16 144 41 145 133 145 
48 124 168 47 36 46 125 45 173 113 19 143 78 124 175 107 11 126 124 123 49 124 
51 102 81 33 157 79 185 120 24 51 196 116 77 76 158 51 
61 93 86 38 119 140 68 129 25 
23 39 186 139 170 67 163 
164 169 29 121 3 135 136 35 65 131 64 
66 181 34 71 187 165 75 




Evaluación: 2603.83
