28 27 146 111 176 69 132 138 26 105 53 2 28 154 184 196 116 76 77 3 28 
13 137 58 152 40 117 87 97 151 95 6 89 137 112 94 147 99 137 178 144 137 156 137 
166 118 5 60 83 199 18 106 194 7 88 70 91 166 167 127 31 162 101 190 52 167 
179 195 149 110 198 4 54 109 12 130 179 155 165 134 24 80 68 179 
57 115 15 42 142 14 119 192 100 193 98 37 104 172 57 180 73 171 74 22 133 145 75 41 43 57 21 57 96 57 
82 48 153 124 47 19 123 182 148 168 36 46 90 55 48 183 114 125 48 8 48 
30 122 50 102 51 9 120 103 161 122 20 188 66 128 131 108 122 160 122 
61 93 85 173 113 17 84 141 44 92 61 59 16 45 174 86 61 191 61 
25 139 187 39 186 56 23 67 177 25 197 72 163 121 150 170 158 185 129 25 157 81 79 25 
78 34 169 29 164 135 136 65 35 71 33 
49 107 175 62 159 10 126 189 
64 63 181 11 143 140 38 1 32 





Evaluación: 2652
