28 53 154 26 138 105 40 58 111 101 28 146 27 156 112 89 183 94 28 
52 167 69 162 127 190 88 148 31 132 70 1 167 152 180 167 176 167 
166 6 96 104 59 99 118 18 83 60 84 173 98 166 147 5 93 166 153 106 7 194 182 166 
13 117 95 92 37 151 137 2 115 144 87 172 42 97 91 46 13 178 73 171 74 13 21 13 
57 142 14 119 44 192 191 16 193 141 61 17 100 14 85 14 140 14 
122 30 160 131 128 188 103 20 32 90 126 10 30 50 51 9 81 120 33 185 30 
179 149 195 12 54 109 110 4 130 55 187 24 179 198 72 155 139 165 134 179 
145 22 133 75 56 186 41 15 43 38 86 145 76 116 196 77 158 3 129 78 79 145 
169 184 80 121 163 29 68 150 177 102 169 164 157 135 136 34 35 164 
48 123 107 11 159 108 199 124 
82 8 174 45 125 113 168 143 36 
25 170 39 67 197 23 189 
181 63 62 175 47 19 49 
66 65 71 114 64 161 



Evaluación: 2627.71
