28 156 112 111 176 132 1 154 146 6 92 60 28 138 26 149 195 109 28 105 53 152 180 28 
167 27 52 69 162 31 127 190 88 148 17 167 147 183 89 166 167 153 194 167 
137 58 13 95 97 117 151 59 96 104 91 57 137 87 94 144 87 172 178 42 87 2 87 
18 83 199 118 5 84 114 174 46 7 173 18 106 82 8 45 48 124 47 19 24 18 
70 122 50 30 101 20 160 128 131 188 66 122 102 157 51 9 103 71 136 35 164 122 33 122 
182 123 107 62 189 10 90 159 108 126 55 182 175 168 36 49 64 11 63 143 125 182 
179 198 21 73 72 74 171 133 22 41 78 179 40 4 155 110 54 177 130 179 
142 100 193 85 37 192 44 119 191 98 142 43 14 141 86 16 113 61 99 
169 129 185 81 3 79 121 29 163 68 80 169 77 158 116 196 150 134 169 12 184 34 169 
15 145 115 75 56 186 23 197 187 170 
181 161 135 65 32 120 
67 139 25 165 39 140 76 38 93 





Evaluación: 2678.31
