167 27 69 176 132 1 127 31 190 88 60 46 167 112 146 156 53 28 111 167 89 147 167 
52 18 6 183 94 166 153 194 7 106 82 199 92 17 91 18 83 114 174 8 45 125 5 84 18 
13 117 137 95 96 99 59 104 93 151 98 37 55 13 152 58 97 144 57 87 13 105 13 
26 138 12 109 149 180 40 21 198 179 150 26 195 154 76 116 196 184 80 26 
122 70 101 30 162 108 189 159 148 90 10 70 50 102 157 33 185 129 158 79 3 121 24 70 
182 62 19 123 175 11 107 47 168 36 126 182 48 143 
51 9 103 20 160 188 120 78 169 29 51 77 161 81 135 35 71 136 51 164 
61 173 16 141 85 191 193 100 42 61 192 119 14 142 44 140 38 118 61 172 178 61 
15 43 2 73 74 133 171 145 115 72 75 186 43 110 4 139 56 23 41 22 155 43 86 
113 124 49 32 128 66 65 
170 39 25 187 197 130 165 134 
67 54 177 34 163 131 63 181 64 
68 




Evaluación: 2592.67
