167 156 146 127 31 162 69 27 52 190 90 91 167 132 101 70 1 176 28 167 53 112 167 
111 154 12 109 138 26 149 180 58 111 184 116 76 77 196 50 111 
166 18 89 153 106 7 182 194 88 148 159 60 46 18 6 183 147 118 18 105 18 
87 117 95 97 151 59 99 104 96 144 2 115 57 87 152 137 172 142 87 92 37 87 
179 198 21 110 155 130 54 195 4 187 55 179 73 74 171 133 75 56 186 39 179 
122 51 33 81 120 103 161 71 9 51 157 79 129 158 185 102 20 160 51 188 51 
82 114 199 83 8 125 45 174 168 124 17 36 78 82 123 48 62 19 175 11 47 82 
13 40 72 197 178 145 22 42 94 15 13 98 93 85 100 13 61 16 141 61 
30 108 10 131 189 126 63 181 32 107 30 128 135 35 136 66 65 34 164 30 
169 3 150 80 177 68 134 24 163 121 
41 23 67 170 25 139 29 5 84 43 
86 113 193 192 191 119 173 14 165 
143 49 64 140 44 38 




Evaluación: 2619.67
