28 53 105 26 138 111 27 167 69 1 132 28 156 154 76 184 28 
52 146 89 18 153 106 194 127 31 162 101 88 91 52 190 7 82 48 123 148 52 
13 117 137 94 183 95 92 97 151 98 93 13 112 13 6 99 96 147 152 13 87 
179 149 109 195 12 130 165 4 110 198 74 55 179 54 155 139 56 186 39 187 25 134 179 
166 83 60 199 114 118 104 5 173 61 84 37 166 58 40 180 21 72 73 115 144 178 46 
122 70 10 108 90 189 30 20 160 131 188 70 176 50 196 77 116 158 185 33 157 51 70 159 70 
57 172 15 145 171 133 41 75 22 2 142 140 57 59 85 100 192 57 42 43 57 14 119 44 14 191 14 
182 107 11 62 19 47 168 124 175 63 64 182 8 125 174 17 45 182 126 182 
78 129 3 169 164 120 81 79 121 78 34 9 135 136 35 103 71 65 161 34 
86 113 193 38 16 102 80 24 
23 67 177 150 163 68 197 
181 32 66 29 128 49 143 36 
170 141 




Evaluación: 2567.44
