28 53 105 138 154 26 149 111 132 117 91 28 27 167 69 176 50 28 
137 112 156 152 58 2 13 87 55 137 94 183 147 89 6 97 92 137 
18 52 127 88 182 106 194 7 153 190 162 46 52 31 146 1 101 148 62 189 10 52 
166 60 118 199 8 174 114 125 45 166 83 96 59 99 93 98 151 37 166 104 95 85 166 
179 110 155 198 195 54 130 4 139 25 80 179 109 12 150 68 77 3 179 
144 57 178 115 172 42 142 15 43 145 41 171 74 56 40 57 21 180 22 73 197 133 72 186 165 24 
70 122 30 20 188 128 160 32 131 108 63 126 90 30 51 102 81 120 9 33 51 
82 123 168 124 47 36 48 175 19 143 82 159 49 11 82 173 82 
61 193 100 192 191 44 119 141 16 84 140 17 61 113 14 86 38 5 107 129 86 
169 121 29 116 184 177 196 158 79 
23 187 170 67 76 157 78 135 35 
71 136 65 161 164 34 185 163 
64 66 103 181 75 39 134 




Evaluación: 2626.32
