58 53 105 13 137 2 87 115 57 145 75 42 58 25 67 39 58 
111 146 28 12 76 50 30 20 70 108 90 32 111 128 63 131 111 
112 27 147 89 117 95 94 97 144 43 140 46 112 47 143 49 112 
52 18 6 5 93 85 98 91 100 141 55 18 48 11 126 23 66 64 48 
138 26 149 109 54 150 121 29 130 4 56 139 138 
83 60 118 114 125 17 113 45 8 36 83 44 14 38 83 
110 21 72 74 73 40 22 41 133 15 119 16 
1 69 132 102 77 3 120 81 24 35 
127 31 101 122 51 33 103 71 136 65 34 
84 96 99 104 59 92 61 37 142 86 124 
82 7 88 148 106 62 123 19 107 10 
134 80 68 79 116 129 78 135 9 
Evaluación: 2282.61
