58 112 27 137 94 13 144 142 43 44 140 46 64 112 39 67 135 112 
52 53 146 7 88 31 30 10 90 126 62 107 52 20 32 131 52 
138 105 28 109 26 12 116 68 150 24 55 138 54 134 130 34 66 65 138 
127 69 101 122 148 108 63 11 19 48 36 17 127 49 47 143 127 
111 76 50 77 3 79 129 78 120 35 136 71 121 111 
18 147 6 95 96 93 61 16 141 56 18 123 124 45 18 
83 118 60 59 92 37 42 85 8 
110 149 40 73 21 72 74 133 41 23 25 
82 106 89 99 117 97 119 14 38 86 
145 2 115 87 57 15 22 75 4 139 29 
1 70 132 102 33 81 51 103 9 128 
84 5 104 98 100 91 113 125 114 80 
Evaluación: 2252.1
