112 27 146 147 6 94 59 96 104 42 142 57 112 22 23 86 112 
138 53 105 109 80 68 149 134 54 138 130 39 139 67 38 64 138 
111 28 132 102 76 116 79 3 129 34 122 111 63 131 71 65 66 49 111 
52 89 18 118 5 99 117 93 37 15 41 52 14 43 141 52 
127 88 148 10 62 108 126 11 69 128 32 90 127 
83 60 84 17 125 8 45 46 114 47 113 140 83 
58 40 13 137 87 97 100 91 119 44 56 55 
82 7 106 48 123 19 107 124 36 143 
1 101 31 70 30 20 103 9 81 35 
61 16 85 98 92 95 2 115 144 145 
110 4 26 21 72 73 74 75 133 25 136 
51 33 50 77 12 150 24 29 78 120 121 135 
Evaluación: 2280.38
