58 53 105 40 137 13 87 2 115 73 75 58 22 133 39 23 67 140 58 
112 27 89 95 117 97 93 91 61 16 113 41 112 141 107 86 112 
138 26 149 109 116 77 79 129 78 34 135 136 138 125 49 138 
52 146 106 31 101 122 51 81 9 20 66 52 45 124 11 52 
1 69 132 70 30 102 50 33 3 103 35 63 1 
127 88 148 123 19 48 47 36 143 8 127 120 71 65 127 
111 28 12 80 150 76 121 24 55 25 139 72 43 
18 6 147 96 94 59 85 46 17 
110 4 130 54 134 68 29 21 56 
83 114 60 118 99 98 144 57 145 74 142 
84 5 104 37 100 92 42 14 44 119 38 15 
82 7 62 108 10 90 126 32 128 131 64 
Evaluación: 2223.33
