112 27 89 94 13 137 144 42 142 5 112 125 86 113 143 64 49 112 
58 105 26 40 115 57 2 145 73 139 39 55 131 58 22 81 135 58 
138 53 28 109 149 54 80 68 76 150 129 138 9 103 20 35 65 136 138 
111 132 50 116 77 3 12 134 130 24 121 25 111 71 63 66 71 
52 147 6 59 104 92 37 98 100 16 61 38 52 67 
127 31 101 70 122 148 10 88 62 32 128 36 127 
18 106 7 123 19 107 108 126 11 30 
1 146 69 102 33 79 78 34 120 51 29 
83 60 118 93 85 91 141 46 90 
82 48 47 124 8 114 45 97 17 
84 96 99 117 95 87 15 43 14 44 119 140 
110 4 21 74 72 75 133 41 56 23 
Evaluación: 2290.64
