112 27 53 40 137 94 97 98 100 91 14 142 112 56 67 39 67 
138 26 149 76 116 12 150 80 121 34 135 35 138 120 128 9 138 
52 146 89 96 104 93 85 16 141 46 52 51 30 20 71 65 66 51 
58 13 117 95 92 59 144 57 87 43 119 140 58 139 38 47 58 
127 31 69 70 88 148 62 10 108 90 126 131 136 127 49 127 
18 6 147 106 48 7 19 123 124 143 11 18 63 107 32 18 
83 118 60 5 99 37 61 113 17 36 64 
111 28 105 132 77 68 129 3 29 55 
110 4 130 54 109 134 24 21 22 75 
1 101 122 50 102 79 78 81 33 103 
82 114 125 8 45 84 86 44 
145 41 74 72 73 115 42 15 2 133 23 25 
Evaluación: 2225.48
