111 53 28 116 76 102 3 33 51 9 136 78 111 34 65 120 65 
138 26 12 80 150 68 121 109 134 55 139 138 130 22 4 67 23 39 138 
52 27 132 50 77 79 81 129 29 54 25 36 52 64 66 
58 105 40 2 137 115 144 145 41 133 74 72 58 
127 146 69 148 31 62 123 107 19 143 11 127 47 48 49 127 
18 147 89 114 125 17 113 45 46 124 8 18 142 38 14 18 
112 6 94 95 92 97 42 100 119 44 140 
83 118 96 59 104 93 91 16 43 
82 7 106 88 108 30 122 128 32 21 
110 149 13 87 117 37 141 86 24 
1 101 70 10 90 126 131 63 20 103 71 35 135 61 
84 5 60 98 85 99 57 15 73 75 56 
Evaluación: 2218.31
