112 27 53 13 94 95 92 100 91 141 55 112 54 130 56 39 113 49 112 
138 28 12 109 80 116 79 129 3 81 34 138 4 139 23 67 35 66 138 
58 105 26 73 21 72 133 22 41 75 58 20 103 128 71 65 143 58 
52 89 146 69 70 101 108 126 63 107 123 48 52 
1 132 111 50 122 51 33 76 121 29 9 135 136 36 1 
18 60 83 118 84 114 125 45 17 62 18 11 19 64 18 
127 31 88 148 10 90 131 32 30 74 
82 7 106 147 96 104 16 85 57 
110 149 40 137 87 117 142 14 44 140 43 15 
61 93 99 59 6 5 8 46 124 47 
145 115 2 144 97 37 42 98 119 86 38 25 
134 24 150 68 77 102 120 78 
Evaluación: 2289.53
