111 27 146 101 70 132 33 120 9 122 30 51 64 111 139 23 14 111 
58 53 40 137 13 94 95 59 98 104 91 58 15 2 43 113 38 86 15 
112 147 6 117 97 92 87 37 100 16 141 140 112 39 67 143 112 
138 28 105 149 109 80 12 54 55 25 24 73 75 138 36 49 48 36 
127 69 31 10 108 62 11 126 90 63 128 20 127 
52 89 60 114 8 45 125 17 5 119 44 52 32 131 66 52 
83 18 106 148 19 123 107 47 124 56 
82 7 88 76 77 68 134 121 130 
110 4 26 116 150 3 29 81 103 135 
1 50 102 79 129 78 34 35 136 65 71 
145 41 74 133 22 72 21 115 57 144 142 
84 118 96 99 93 85 61 46 42 
Evaluación: 2282.6
