112 53 105 26 94 95 117 85 7 17 112 125 47 107 143 49 64 112 
111 27 132 76 116 77 3 129 78 34 35 71 65 111 32 66 135 111 
52 146 89 88 148 106 82 48 124 123 126 90 52 67 23 
58 40 137 87 144 13 142 37 42 41 139 25 11 58 
1 28 69 50 102 33 120 79 121 70 63 1 108 30 131 1 
138 12 149 109 80 134 54 68 150 24 55 138 56 130 39 56 
18 147 96 104 99 92 16 141 44 45 
83 60 5 93 98 59 114 8 46 19 
127 31 101 122 51 81 9 103 20 128 
84 118 6 97 100 91 14 140 38 62 136 
145 115 2 57 15 43 119 61 113 86 10 36 
110 21 72 74 73 133 22 75 4 29 
Evaluación: 2255.86
